10
11.187691588118291 5.427387817605306 8.535672100759447 -6.501004500143001 -1.695631433294619 2.71032154280505 0.3030801167959522 -1.0378918587134094 1.512814625341361 -2.095134229584312
5.427387817605306 10.546505359308435 2.4141323247997475 1.18269473828154 -7.126731723551274 3.4934856170973525 -2.1660625102137545 -5.940492090742415 -0.7076962987130648 -2.2470933401401263
8.535672100759447 2.4141323247997475 13.03009071237216 -5.482049875906003 2.552175871908566 2.858164165844429 3.05108983823463 1.7703158257041722 0.042220915911598024 -1.2901927814562875
-6.501004500143001 1.18269473828154 -5.482049875906003 10.153111148093858 -1.8056781293685715 -4.348454846858926 -0.0034906800343700384 -4.240858531215168 -0.34952983721474506 1.0985493997245004
-1.695631433294619 -7.126731723551274 2.552175871908566 -1.8056781293685715 12.142340843553026 -0.04127370842995217 6.047374553192631 3.3483126689934086 4.555095503904817 0.29842796907794883
2.71032154280505 3.4934856170973525 2.858164165844429 -4.348454846858926 -0.04127370842995217 11.9663380858282 -0.2811266272231362 2.092301149823536 0.995900897302229 -3.8207696479918076
0.3030801167959522 -2.1660625102137545 3.05108983823463 -0.0034906800343700384 6.047374553192631 -0.2811266272231362 5.616390171028021 -0.3712774958982966 2.7888557091725215 -1.137436842469435
-1.0378918587134094 -5.940492090742415 1.7703158257041722 -4.240858531215168 3.3483126689934086 2.092301149823536 -0.3712774958982966 8.580970154818676 -1.5451677311580219 0.7936733217459552
1.512814625341361 -0.7076962987130648 0.042220915911598024 -0.34952983721474506 4.555095503904817 0.995900897302229 2.7888557091725215 -1.5451677311580219 5.18175687763936 -0.7466568818702634
-2.095134229584312 -2.2470933401401263 -1.2901927814562875 1.0985493997245004 0.29842796907794883 -3.8207696479918076 -1.137436842469435 0.7936733217459552 -0.7466568818702634 2.6710755763001046