20
17.017485505353058 2.677339643138653 1.3009465562520974 -4.215202409233791 -0.30471867917379136 -4.3416159162199905 -2.1521129020430627 -10.092781929965172 3.5744216154821777 1.409631614330731 -3.7075033991694886 5.876151217118892 9.026153186350793 -2.0539645976499985 -1.3374248147881345 -3.355550287030513 -4.0440868510305545 -1.7014366665157574 -5.206689264482518 0.5658527033688436
2.677339643138653 23.24520985794578 -3.438198442384082 -8.35516483521071 -7.42542217427025 5.622349018013543 6.235600692415131 -1.1020265000342844 5.511177867507244 0.04734196418450645 -5.095459857751926 -1.5011708310599259 8.172283292147386 -1.3441044303520626 -1.6020846864942861 2.146028867070853 -2.210029358617902 -7.172976877511185 -8.945380462797628 6.574921444393203
1.3009465562520974 -3.438198442384082 17.90934157069138 -5.733479354199375 -2.243038068646365 -0.3578027369575245 4.507931924361588 -8.456749297927427 1.5961763511950149 -1.5875526349379006 -4.404259282395877 1.8438648070780372 -1.8106799156722284 -0.021645864922197087 0.21377347192415733 -6.002343486279397 1.8776519312567885 5.994998553031255 10.45955135396832 0.4327797635478157
-4.215202409233791 -8.35516483521071 -5.733479354199375 26.31086772586254 -0.47377960998334767 0.5674285303633606 -5.201910326671707 7.916996132066524 4.783575439406033 2.678186090677975 7.7366394200613655 6.217468978281933 -11.940626209010137 -2.3190077690098647 -3.3838950917422412 6.945483896874949 3.5355834589522246 2.860744909594118 -3.8763381257331133 -3.2309592879058706
-0.30471867917379136 -7.42542217427025 -2.243038068646365 -0.47377960998334767 20.02347288075023 4.625985241462996 -8.191921134230286 3.9328525836035846 2.0210409211605445 5.883624813154394 0.29192606995141585 -4.232054445705183 1.212135922832781 -1.3853647618597587 3.3287106647366507 0.21675600107764464 -0.9985265623339724 -1.9735086737640286 6.377264017355683 -2.406708850306088
-4.3416159162199905 5.622349018013543 -0.3578027369575245 0.5674285303633606 4.625985241462996 18.275081266868643 -4.8603116164671745 8.629576053129641 4.340066702150643 4.734345455160742 -6.3089201811587605 -4.828604194915624 2.49463772057414 -4.822614710343416 2.1848437304388333 0.631043357375661 4.20984179754372 -3.4551022320010905 1.3202061415861017 1.9470130554571687
-2.1521129020430627 6.235600692415131 4.507931924361588 -5.201910326671707 -8.191921134230286 -4.8603116164671745 18.760425655735187 -4.185290302440112 -2.32034511305279 -10.647398954327214 -1.069881651668309 -1.2551188570668714 3.4631250800964306 8.01396007084282 -3.810432736871028 3.4335422864231844 -5.231954567267335 1.455020855852101 -2.1164549899236826 0.648418087382502
-10.092781929965172 -1.1020265000342844 -8.456749297927427 7.916996132066524 3.9328525836035846 8.629576053129641 -4.185290302440112 30.76678879203034 0.40814429140787717 -2.0532823420927837 3.5179341696585023 -1.0550053206036984 -5.477903731289581 9.943290445638302 6.449065050611858 11.23127448411215 3.8391245127094313 -3.511328822026094 7.591703750962786 1.8052010279213513
3.5744216154821777 5.511177867507244 1.5961763511950149 4.783575439406033 2.0210409211605445 4.340066702150643 -2.32034511305279 0.40814429140787717 15.73674605484895 5.589326429995618 2.5819336020909223 4.190889559361536 6.278124085852466 -3.794722289994777 -2.704793670994861 2.0468263854487447 3.160553572532886 -4.623047758578901 -1.05485048508795 -0.3539488408385401
1.409631614330731 0.04734196418450645 -1.5875526349379006 2.678186090677975 5.883624813154394 4.734345455160742 -10.647398954327214 -2.0532823420927837 5.589326429995618 22.577826000697144 2.828844666612471 -0.2861014865846332 4.465325138844771 -10.77378564089803 1.9313265165130504 -0.7540275071290705 11.863720690872812 2.320368844032056 1.1082436040925259 0.7327769709540276
-3.7075033991694886 -5.095459857751926 -4.404259282395877 7.7366394200613655 0.29192606995141585 -6.3089201811587605 -1.069881651668309 3.5179341696585023 2.5819336020909223 2.828844666612471 15.158819502997265 -0.6168542424706309 -3.169771677773561 1.0378555127593274 1.717227005738256 4.654616094870145 3.164321902760721 -0.7178146594873098 -1.3807021341061965 -5.626584362102084
5.876151217118892 -1.5011708310599259 1.8438648070780372 6.217468978281933 -4.232054445705183 -4.828604194915624 -1.2551188570668714 -1.0550053206036984 4.190889559361536 -0.2861014865846332 -0.6168542424706309 17.509107907577206 -3.961720500291192 5.274430629714841 -0.325339651377784 2.95785102327969 1.3799841191521982 3.102196855945012 -2.1521838231435053 -0.7779521428747658
9.026153186350793 8.172283292147386 -1.8106799156722284 -11.940626209010137 1.212135922832781 2.49463772057414 3.4631250800964306 -5.477903731289581 6.278124085852466 4.465325138844771 -3.169771677773561 -3.961720500291192 29.447997397378735 -1.5273352520260073 -5.975415326975728 1.1572949618663368 -3.2948203056111267 -2.3850898752226626 -9.26236172086955 3.663168555674916
-2.0539645976499985 -1.3441044303520626 -0.021645864922197087 -2.3190077690098647 -1.3853647618597587 -4.822614710343416 8.01396007084282 9.943290445638302 -3.794722289994777 -10.77378564089803 1.0378555127593274 5.274430629714841 -1.5273352520260073 25.553045158606313 6.088300108576389 2.3987890027348997 -5.316533349042662 2.2090884417356174 1.1142668662195772 0.3186711533592869
-1.3374248147881345 -1.6020846864942861 0.21377347192415733 -3.3838950917422412 3.3287106647366507 2.1848437304388333 -3.810432736871028 6.449065050611858 -2.704793670994861 1.9313265165130504 1.717227005738256 -0.325339651377784 -5.975415326975728 6.088300108576389 14.23863925605432 -3.286253499488517 -0.13541387996954946 0.0545247132991888 5.780507191860636 -6.7438518628661255
-3.355550287030513 2.146028867070853 -6.002343486279397 6.945483896874949 0.21675600107764464 0.631043357375661 3.4335422864231844 11.23127448411215 2.0468263854487447 -0.7540275071290705 4.654616094870145 2.95785102327969 1.1572949618663368 2.3987890027348997 -3.286253499488517 16.04076487854828 -1.9110243632904875 -1.4214330437797493 -1.6794738897443635 -3.3971482814956486
-4.0440868510305545 -2.210029358617902 1.8776519312567885 3.5355834589522246 -0.9985265623339724 4.20984179754372 -5.231954567267335 3.8391245127094313 3.160553572532886 11.863720690872812 3.164321902760721 1.3799841191521982 -3.2948203056111267 -5.316533349042662 -0.13541387996954946 -1.9110243632904875 17.914967179549947 2.0340349406771554 3.6784051959023345 8.526506015110455
-1.7014366665157574 -7.172976877511185 5.994998553031255 2.860744909594118 -1.9735086737640286 -3.4551022320010905 1.455020855852101 -3.511328822026094 -4.623047758578901 2.320368844032056 -0.7178146594873098 3.102196855945012 -2.3850898752226626 2.2090884417356174 0.0545247132991888 -1.4214330437797493 2.0340349406771554 12.271817735625834 2.0467866043267464 -0.5568649108345118
-5.206689264482518 -8.945380462797628 10.45955135396832 -3.8763381257331133 6.377264017355683 1.3202061415861017 -2.1164549899236826 7.591703750962786 -1.05485048508795 1.1082436040925259 -1.3807021341061965 -2.1521838231435053 -9.26236172086955 1.1142668662195772 5.780507191860636 -1.6794738897443635 3.6784051959023345 2.0467866043267464 23.16691750663419 -3.949026118865853
0.5658527033688436 6.574921444393203 0.4327797635478157 -3.2309592879058706 -2.406708850306088 1.9470130554571687 0.648418087382502 1.8052010279213513 -0.3539488408385401 0.7327769709540276 -5.626584362102084 -0.7779521428747658 3.663168555674916 0.3186711533592869 -6.7438518628661255 -3.3971482814956486 8.526506015110455 -0.5568649108345118 -3.949026118865853 21.797596131931247