30
28.5841196253595 -3.5908143644969672 0.6288117997334973 3.2161809899921705 0.9008192884301911 0.6678848296384253 -7.781675212814333 -5.36252836884653 -0.05016957807630226 -0.015957399837932755 -5.450704810648401 -1.9475377295693785 5.239262358435563 3.872281713971883 -0.33323782292094 3.0538544708438753 -0.6262672088511162 -3.708978113948306 -5.911657965128467 5.2470636660020205 -10.927880495412445 4.285050147356834 -6.78496286286493 -5.933705556937908 0.15710908296551046 -12.280606564395027 -3.7652624972495468 0.870797374922788 4.326001839741859 1.5512963746912511
-3.5908143644969672 26.833641511257685 11.06549641832418 -4.342976193083758 5.838601199183643 -0.30510076008191644 -5.209676021339998 -4.1371146261264435 -0.2220209644089123 7.537421096938573 -2.863481775374597 0.39525880726025403 -5.657784222546856 -7.274428391082541 -3.279588552344073 0.4369542126427591 -4.424689141618355 -2.4215118787769776 11.014892412679815 1.3399926033840328 2.6179228144869793 -12.092188235870736 4.657383779631258 1.8498713563860545 2.484959854781821 5.640968789292286 5.252369995629399 2.51315549086005 -1.6499276665093698 4.014700961679067
0.6288117997334973 11.06549641832418 35.069318467911614 -2.7786033871763895 9.501034655497008 -1.9904166626533517 5.386151495700144 -2.4106599512364095 9.406614179153935 -12.29605534304594 3.2966197028516206 -5.799668148672317 -0.1513633558527774 -9.775416676078741 6.9354343168904204 2.764253218890098 -6.631117185235805 -7.428181556986388 1.7213221724102548 5.343779992421826 7.7310444534309815 -8.514462779269598 -0.39398200894520286 4.7026693735247855 6.9829913332056055 -6.8264564109760135 -3.180475508959823 7.5018660379782265 -6.705385263151898 0.21987628400891415
3.2161809899921705 -4.342976193083758 -2.7786033871763895 29.589088198721875 0.8752667838655754 8.272788551832395 -1.4335424777019745 -5.911267362299574 0.5384837033333915 -4.529859784283593 4.3088177093979185 -4.888106499074095 -3.3648638618452433 0.22573503385471247 5.539394202693224 0.05785811645192711 4.253377780620052 6.377166149809382 3.9594994122108917 -2.991138084538612 -4.68758830067654 0.16757943410282722 -10.66397546694786 1.5206486146279259 -2.290281025287808 0.612749663412906 3.554942048496691 -7.249131447912368 5.126132950192006 -3.0399855416231887
0.9008192884301911 5.838601199183643 9.501034655497008 0.8752667838655754 12.370411450009055 -0.48343933245813814 4.961827431316312 -0.7006529673449069 2.0218269323402653 -2.3844803647645607 0.8070619875494299 -5.195591475320334 -1.810657172306452 -1.2738476660688605 -0.29612595767034905 3.988873442107629 -8.033397594016401 -6.473476463252641 0.3274399977697153 2.8650677603688415 4.1345006648683835 -2.794557486257838 1.6632459698938693 4.735958719985281 -4.550525156801477 1.0714684189887338 -1.6527746845609252 1.8252794097415155 0.3504888754545979 6.3567942721619035
0.6678848296384253 -0.30510076008191644 -1.9904166626533517 8.272788551832395 -0.48343933245813814 24.52254431632996 -1.5335879789634885 -5.639045211472416 1.6900769393878705 7.830101174266683 -2.407644152541079 -8.816633061883097 -11.013137742217031 -6.144718047739548 -1.5094174859720684 -4.685278029506263 -3.108914539986491 0.5459516174654804 6.24180171112519 -2.962073130727764 -2.325288734303814 -0.35853755899392253 -3.9323232667801147 -0.5834226863678529 0.6520519951900353 -6.994200596126874 7.822580580731621 -6.034597855527511 -0.2830205884737558 -4.168875389090114
-7.781675212814333 -5.209676021339998 5.386151495700144 -1.4335424777019745 4.961827431316312 -1.5335879789634885 26.523923786338756 8.749693195419981 2.8391500398637746 -11.93058054296111 5.991182287742335 1.601298846718581 -3.5794209503717918 7.4908122531282135 -4.421037650051745 0.8407534628288568 6.128690113011177 -8.49961830578002 -3.025876279161544 -2.9015228374732747 4.516830990754815 6.0281753031643435 4.633207085053407 3.994416527761281 -8.100272465914415 1.7726883498547448 1.378194276377951 1.266826242989791 -5.1499155905297895 10.074127465653703
-5.36252836884653 -4.1371146261264435 -2.4106599512364095 -5.911267362299574 -0.7006529673449069 -5.639045211472416 8.749693195419981 23.48203602559633 -1.6965115508406052 -2.4808278050551946 1.3897319210552643 -0.6290500785857375 4.737491608943252 -3.7413348036110445 3.7978935627714305 -3.27263682560144 3.4915811146797378 -3.4558537338626976 -5.02557528171169 4.13575976178158 3.2036556148985675 4.686328673820105 10.72310799139631 6.405272739213329 3.0681228758658596 -2.5880408142060403 -5.522142714299077 2.682113605442354 2.0651108934357567 4.800069825524418
-0.05016957807630226 -0.2220209644089123 9.406614179153935 0.5384837033333915 2.0218269323402653 1.6900769393878705 2.8391500398637746 -1.6965115508406052 21.9397415051541 -3.2634495807437585 5.1776454466577775 -0.6642718953205843 -2.1923008424961656 7.8058598454812405 2.8191957819818008 -1.3304268226761355 1.201251980069738 -0.3725967278892995 1.2661671500860616 -5.3377184673382985 3.610547668803199 -0.23813850358130229 0.8686966865952648 5.8948001276265805 2.8695981759519165 2.7270652724693387 3.407357871314342 2.92470920021255 -0.7918017763075776 8.14387322950354
-0.015957399837932755 7.537421096938573 -12.29605534304594 -4.529859784283593 -2.3844803647645607 7.830101174266683 -11.93058054296111 -2.4808278050551946 -3.2634495807437585 38.63735759967675 -3.4404354411642326 -8.635180424373015 1.0556233747871078 -6.852295682912125 -1.2584451005485036 -5.691213655928396 -1.0679599226892083 5.8248396630159585 11.40079243199351 -0.4001457420811173 3.550413571837021 -1.4071785711624776 1.9962459175105112 -7.006737270274559 4.601135941084603 0.9060233439293277 -0.46967542290977804 2.628832328095133 0.0513924730142798 11.004538773193214
-5.450704810648401 -2.863481775374597 3.2966197028516206 4.3088177093979185 0.8070619875494299 -2.407644152541079 5.991182287742335 1.3897319210552643 5.1776454466577775 -3.4404354411642326 27.06137877173974 -2.639930170673085 -1.107879864641124 -2.0376129531737988 1.0729350064579481 -3.1414261592881796 -1.8098129398496405 0.2463137590410432 7.950756138406545 -4.9140073312345685 3.562017120290403 1.1148272158484664 -0.9975797820608724 0.6951295759254881 -6.148306338192645 7.67808644840997 -4.965050224928599 2.814121789036495 -8.543471549910809 10.70646446325626
-1.9475377295693785 0.39525880726025403 -5.799668148672317 -4.888106499074095 -5.195591475320334 -8.816633061883097 1.601298846718581 -0.6290500785857375 -0.6642718953205843 -8.635180424373015 -2.639930170673085 31.83213683368592 6.666841002711954 7.334221565593108 -2.790582927104306 6.197919560010101 8.02748202932168 3.185015633418135 -0.6871351945276079 0.6754838513459358 -0.6142299316692995 3.9076821216770306 -0.17997173142455844 -5.588644600657112 -3.829049885324298 2.096291078082383 5.5992230815080655 -0.5127707475145203 2.2899506595075603 -1.6314227490759015
5.239262358435563 -5.657784222546856 -0.1513633558527774 -3.3648638618452433 -1.810657172306452 -11.013137742217031 -3.5794209503717918 4.737491608943252 -2.1923008424961656 1.0556233747871078 -1.107879864641124 6.666841002711954 30.909379116160416 0.5414545064261279 3.8316211649859353 -2.110589703182702 -2.933243409979092 0.12858850864055116 -6.694377818663934 -5.4487816536181555 2.172388638671865 0.8089937822562081 7.533390103572465 1.0408949133790204 7.72839640910595 -0.32259787925726546 -10.65921254606821 10.39593738370587 5.455464001253451 -3.9271629749831654
3.872281713971883 -7.274428391082541 -9.775416676078741 0.22573503385471247 -1.2738476660688605 -6.144718047739548 7.4908122531282135 -3.7413348036110445 7.8058598454812405 -6.852295682912125 -2.0376129531737988 7.334221565593108 0.5414545064261279 38.071074975195025 -4.283148551831635 1.8193778535929876 2.6064882488261736 1.8180017917174485 -4.969148463250284 -6.754069515134384 -3.1610747443418306 5.966945576591368 -6.205800413914848 -3.7166785096597055 -3.980563739752855 7.797611716885815 4.608934042897416 -1.7453272297138687 6.1481169198385315 8.251170687736074
-0.33323782292094 -3.279588552344073 6.9354343168904204 5.539394202693224 -0.29612595767034905 -1.5094174859720684 -4.421037650051745 3.7978935627714305 2.8191957819818008 -1.2584451005485036 1.0729350064579481 -2.790582927104306 3.8316211649859353 -4.283148551831635 19.17259649140059 4.073308078296027 -3.628255619786366 2.904073515402027 2.0192059735111467 2.483521872749725 6.284406729988455 0.7451002694922462 -4.438319277854407 1.2888386143786739 5.145857313379679 -4.814342053324233 -5.42221649392019 0.6306165987961542 -2.412688873014703 -5.3166722988661155
3.0538544708438753 0.4369542126427591 2.764253218890098 0.05785811645192711 3.988873442107629 -4.685278029506263 0.8407534628288568 -3.27263682560144 -1.3304268226761355 -5.691213655928396 -3.1414261592881796 6.197919560010101 -2.110589703182702 1.8193778535929876 4.073308078296027 17.24215299577043 2.1859593573728424 4.596191403324112 -2.598871511308048 2.7753722766082545 3.778943221562486 1.905040191696517 0.2572947941517417 -6.103059311564892 2.6726448600626025 -3.7036134953016924 0.9572212942851702 0.8259010158498731 2.5201112185261447 1.9465252219790807
-0.6262672088511162 -4.424689141618355 -6.631117185235805 4.253377780620052 -8.033397594016401 -3.108914539986491 6.128690113011177 3.4915811146797378 1.201251980069738 -1.0679599226892083 -1.8098129398496405 8.02748202932168 -2.933243409979092 2.6064882488261736 -3.628255619786366 2.1859593573728424 37.773707137607445 6.846697581362039 -2.246910294396912 2.4479602625124652 -2.074758584904766 0.011895799182458804 4.761307141874575 -7.177146684760733 0.7829892497748847 -2.881362999140223 8.711175896851051 7.542410482925743 -3.7511833571887263 8.237566412069395
-3.708978113948306 -2.4215118787769776 -7.428181556986388 6.377166149809382 -6.473476463252641 0.5459516174654804 -8.49961830578002 -3.4558537338626976 -0.3725967278892995 5.8248396630159585 0.2463137590410432 3.185015633418135 0.12858850864055116 1.8180017917174485 2.904073515402027 4.596191403324112 6.846697581362039 24.945347922600966 0.3353342365953817 0.7172690136015427 3.7176340304955584 -1.625552980773878 -4.069917495047903 -9.713850384332495 10.862193620416832 -2.0456760687701907 8.717810929312147 -0.6854106589559928 9.777902172680305 6.139846286380504
-5.911657965128467 11.014892412679815 1.7213221724102548 3.9594994122108917 0.3274399977697153 6.24180171112519 -3.025876279161544 -5.02557528171169 1.2661671500860616 11.40079243199351 7.950756138406545 -0.6871351945276079 -6.694377818663934 -4.969148463250284 2.0192059735111467 -2.598871511308048 -2.246910294396912 0.3353342365953817 29.583707844334953 0.9753396547591485 4.087205510450428 -5.431688516175316 4.944594838636194 1.7495582183846792 -3.3323598453114647 7.760750195496225 -3.7716691618914737 3.024140126447321 -3.2300409037276636 4.443656335279325
5.2470636660020205 1.3399926033840328 5.343779992421826 -2.991138084538612 2.8650677603688415 -2.962073130727764 -2.9015228374732747 4.13575976178158 -5.3377184673382985 -0.4001457420811173 -4.9140073312345685 0.6754838513459358 -5.4487816536181555 -6.754069515134384 2.483521872749725 2.7753722766082545 2.4479602625124652 0.7172690136015427 0.9753396547591485 25.02539057651503 11.171979328230275 -1.0530281029476325 -3.990425420183923 -6.970477147259936 -2.95536111724694 -11.377614289724049 -5.460168144264261 -1.3670427733608423 5.747746496251898 2.004738575268897
-10.927880495412445 2.6179228144869793 7.7310444534309815 -4.68758830067654 4.1345006648683835 -2.325288734303814 4.516830990754815 3.2036556148985675 3.610547668803199 3.550413571837021 3.562017120290403 -0.6142299316692995 2.172388638671865 -3.1610747443418306 6.284406729988455 3.778943221562486 -2.074758584904766 3.7176340304955584 4.087205510450428 11.171979328230275 37.52058585797048 -3.215843060875235 2.7512491228578457 -5.831042402992532 1.538926164719362 -5.643143894488145 -9.224777393619274 1.7551859477450833 6.8759113277227355 3.441530407590133
4.285050147356834 -12.092188235870736 -8.514462779269598 0.16757943410282722 -2.794557486257838 -0.35853755899392253 6.0281753031643435 4.686328673820105 -0.23813850358130229 -1.4071785711624776 1.1148272158484664 3.9076821216770306 0.8089937822562081 5.966945576591368 0.7451002694922462 1.905040191696517 0.011895799182458804 -1.625552980773878 -5.431688516175316 -1.0530281029476325 -3.215843060875235 16.964035909511022 -7.973961558425744 -1.3461729754954639 -7.1339201850100675 -3.656515939377839 -2.3444532864802006 -6.511127487508659 1.0710551593302982 -0.8115432652958373
-6.78496286286493 4.657383779631258 -0.39398200894520286 -10.66397546694786 1.6632459698938693 -3.9323232667801147 4.633207085053407 10.72310799139631 0.8686966865952648 1.9962459175105112 -0.9975797820608724 -0.17997173142455844 7.533390103572465 -6.205800413914848 -4.438319277854407 0.2572947941517417 4.761307141874575 -4.069917495047903 4.944594838636194 -3.990425420183923 2.7512491228578457 -7.973961558425744 38.80512331949925 5.444015614917814 6.6882649705683415 6.073898044775038 2.2759592431668647 10.481338912718607 0.9244155617337868 1.7251264408927003
-5.933705556937908 1.8498713563860545 4.7026693735247855 1.5206486146279259 4.735958719985281 -0.5834226863678529 3.994416527761281 6.405272739213329 5.8948001276265805 -7.006737270274559 0.6951295759254881 -5.588644600657112 1.0408949133790204 -3.7166785096597055 1.2888386143786739 -6.103059311564892 -7.177146684760733 -9.713850384332495 1.7495582183846792 -6.970477147259936 -5.831042402992532 -1.3461729754954639 5.444015614917814 21.375242220270465 -2.599400664240689 9.506888174229575 -2.7974965206638416 0.9267256290289223 0.4824630852096689 -3.007439721278595
0.15710908296551046 2.484959854781821 6.9829913332056055 -2.290281025287808 -4.550525156801477 0.6520519951900353 -8.100272465914415 3.0681228758658596 2.8695981759519165 4.601135941084603 -6.148306338192645 -3.829049885324298 7.72839640910595 -3.980563739752855 5.145857313379679 2.6726448600626025 0.7829892497748847 10.862193620416832 -3.3323598453114647 -2.95536111724694 1.538926164719362 -7.1339201850100675 6.6882649705683415 -2.599400664240689 31.222681668847276 -8.742345566762667 -4.77350955636084 5.528288101981126 3.162839158798427 -0.2426241000462397
-12.280606564395027 5.640968789292286 -6.8264564109760135 0.612749663412906 1.0714684189887338 -6.994200596126874 1.7726883498547448 -2.5880408142060403 2.7270652724693387 0.9060233439293277 7.67808644840997 2.096291078082383 -0.32259787925726546 7.797611716885815 -4.814342053324233 -3.7036134953016924 -2.881362999140223 -2.0456760687701907 7.760750195496225 -11.377614289724049 -5.643143894488145 -3.656515939377839 6.073898044775038 9.506888174229575 -8.742345566762667 25.236495051330674 8.119278681543642 0.9589085149897736 -3.9712441385217825 2.8752044811583204
-3.7652624972495468 5.252369995629399 -3.180475508959823 3.554942048496691 -1.6527746845609252 7.822580580731621 1.378194276377951 -5.522142714299077 3.407357871314342 -0.46967542290977804 -4.965050224928599 5.5992230815080655 -10.65921254606821 4.608934042897416 -5.42221649392019 0.9572212942851702 8.711175896851051 8.717810929312147 -3.7716691618914737 -5.460168144264261 -9.224777393619274 -2.3444532864802006 2.2759592431668647 -2.7974965206638416 -4.77350955636084 8.119278681543642 36.25873123752995 -3.6181711528496776 -2.047940614124053 1.9344652532385564
0.870797374922788 2.51315549086005 7.5018660379782265 -7.249131447912368 1.8252794097415155 -6.034597855527511 1.266826242989791 2.682113605442354 2.92470920021255 2.628832328095133 2.814121789036495 -0.5127707475145203 10.39593738370587 -1.7453272297138687 0.6306165987961542 0.8259010158498731 7.542410482925743 -0.6854106589559928 3.024140126447321 -1.3670427733608423 1.7551859477450833 -6.511127487508659 10.481338912718607 0.9267256290289223 5.528288101981126 0.9589085149897736 -3.6181711528496776 16.328054826113657 -2.7857347780419106 9.006755363754255
4.326001839741859 -1.6499276665093698 -6.705385263151898 5.126132950192006 0.3504888754545979 -0.2830205884737558 -5.1499155905297895 2.0651108934357567 -0.7918017763075776 0.0513924730142798 -8.543471549910809 2.2899506595075603 5.455464001253451 6.1481169198385315 -2.412688873014703 2.5201112185261447 -3.7511833571887263 9.777902172680305 -3.2300409037276636 5.747746496251898 6.8759113277227355 1.0710551593302982 0.9244155617337868 0.4824630852096689 3.162839158798427 -3.9712441385217825 -2.047940614124053 -2.7857347780419106 28.20324773322163 0.6170223750724562
1.5512963746912511 4.014700961679067 0.21987628400891415 -3.0399855416231887 6.3567942721619035 -4.168875389090114 10.074127465653703 4.800069825524418 8.14387322950354 11.004538773193214 10.70646446325626 -1.6314227490759015 -3.9271629749831654 8.251170687736074 -5.3166722988661155 1.9465252219790807 8.237566412069395 6.139846286380504 4.443656335279325 2.004738575268897 3.441530407590133 -0.8115432652958373 1.7251264408927003 -3.007439721278595 -0.2426241000462397 2.8752044811583204 1.9344652532385564 9.006755363754255 0.6170223750724562 36.32171623526382