40
41.39360020301021 -3.268526527671499 2.5234747697143725 -3.0434119187089754 1.6006822237145921 -0.6038322056615361 -0.13814077669755304 -12.116189260340095 9.225799970993704 7.901913415565817 -2.386325268546546 4.818583538350013 -10.03472208991363 -1.079166441417446 -19.156956520509254 -1.0417510990262808 5.427811643780273 -2.5224481711441595 -17.593648425105794 -4.021070732336836 8.057235073168139 5.325984948474599 -1.8471897951111491 -12.590767411836177 -0.2267200493344507 0.24080292400514083 -8.625242525828067 10.466241517279855 -12.636662513934755 3.3704455108853986 1.959007508150139 8.729783790861992 1.8545608402287224 7.719270313836647 4.353305243893416 2.477026350489095 -0.8592247694003164 4.066180583671204 1.331398220139084 -8.589554032926372
-3.268526527671499 39.56934186567434 2.376407696152565 6.984072785570891 2.2186625114900904 -5.080480333765004 1.5203527626034736 -0.2751415777990812 1.0070356827236688 -0.35297760404038747 -3.064676360701887 0.3839953125702091 1.2726251566022164 7.454234335919388 -2.2192839209498265 6.5252085440432905 5.031944777349446 -4.010795363067663 -4.942253314835103 3.2979922760211746 2.0572875030431335 -4.760512806340676 1.3414537210884738 1.540632667948755 0.6330256192550334 1.7665304483157356 3.3963750334365854 -2.1108950504435473 7.033033665272288 2.151466046666133 3.755687647527041 0.13855251566770244 10.430118642970832 -10.390868142904662 -2.322133058587764 0.48556819184835104 -4.9059570931188645 -9.382091985853075 -2.695139011554227 12.3464199552101
2.5234747697143725 2.376407696152565 25.69437646624277 -3.542061570818373 5.300465083289971 -3.454216704511812 -2.61736109920037 3.1662905859955752 6.875575230932164 0.22344940642657693 -1.6902602525193509 -5.083673333402659 -5.511577742314238 0.0485660987315319 -3.640644521444392 -1.121378446139933 2.968600373177029 -6.253604062242873 -6.329581293475197 -4.637454014780147 -3.4281440177628326 -1.5880727978637037 -4.068924357650667 9.91000447421017 -3.083924545447359 4.452827366224753 -0.7931192591147791 -1.648315148071994 -2.4536805499266277 1.250601483261453 -1.9029277391176886 6.176985679527445 0.7532189857825807 3.7136948094545015 0.02753172501391316 7.78166322744048 2.7859501274281473 -5.143235382506343 -5.6626256306086695 7.466302523426126
-3.0434119187089754 6.984072785570891 -3.542061570818373 26.852501225818052 5.109819337675898 -2.6214460688640684 -2.0145874839292364 6.895406016213972 -7.490766783116531 0.7111044546832997 -8.188486807505377 -5.515688336035952 1.1617714690112377 -0.8608776351134114 -4.504053237459889 1.7741888059796662 -0.42417642831570745 -4.369943678280839 -3.134645100419191 -2.279902939450317 -4.929678249857622 5.57373770086339 7.904025572253259 -4.219521610692359 4.989348305599975 5.485205194789307 5.517859716620738 -3.2734371154114816 -0.6965236544868887 -2.739636271096635 0.5034311155202775 -6.057624802200263 -3.305385839120054 -4.395112616058474 1.0439658402554286 -1.0312301571636746 -2.346306132189455 4.8471791486739475 -8.638344105745592 4.167514175804224
1.6006822237145921 2.2186625114900904 5.300465083289971 5.109819337675898 34.172337263464634 -3.8497757706208136 -1.4474462586896473 8.201731650593329 1.7647182854745662 8.788085292343524 -8.503664782444789 10.555036444314164 -2.9415293054005156 0.31390650210735227 -2.2609328688576404 -13.98633316178786 0.29129537358814184 3.132448947796001 -6.169376646740351 -7.725282867496743 1.4805970112429319 2.183780301556931 6.1409946304307255 2.522818449584915 4.984465288875454 4.24143809579035 1.7924708934516276 3.997917962781633 -7.597119093770302 14.885108001829794 3.971441031256654 4.587382126214898 3.4167170242871387 -0.8601103279702843 8.170125544087526 1.143568799941151 -1.7310320404683388 -0.9741219478643143 -3.758801006979839 -2.886255547711915
-0.6038322056615361 -5.080480333765004 -3.454216704511812 -2.6214460688640684 -3.8497757706208136 35.24443524199478 3.9370555864472068 0.685949412066881 3.013433612309055 -7.983619293152329 7.112127673841169 0.21782862243260107 -2.5032617091534615 -1.9639106650744027 -2.3159543237837688 4.957426607103896 -8.267999679477862 -1.6964616979953884 4.9672093886569995 -1.5084480000333773 5.86198225077192 0.043949305117379274 -9.547808079287647 -11.321814587100798 11.292749944385916 -0.386629054049885 -3.138198259262281 3.119258744989792 -8.482013971489572 -0.15301025714723346 4.384925190630537 2.5978257964562625 -6.581141773859991 5.97051027999216 -6.146336761185363 3.9781385449566806 -3.775506927626223 9.932655541392366 -0.3631265303259687 -5.828617976238407
-0.13814077669755304 1.5203527626034736 -2.61736109920037 -2.0145874839292364 -1.4474462586896473 3.9370555864472068 40.79304753117848 -4.525134369874528 -1.754256491610503 -0.5401493244833563 1.278905093886938 6.521565843755679 4.156521290184897 14.146453376024201 2.7301131447763494 11.834317238518704 -7.3165120770049885 -4.895721362991943 -8.787265011097787 5.777404491623654 3.563566848531896 8.36950908197833 -1.2670383539040682 -4.7465971516948375 3.022178506831809 -4.10875532827682 13.062800641344058 -0.7093488887072293 -3.5623025765203877 3.4925100334147863 0.2520815222424635 3.2105425648128163 2.056725689951018 -4.966283109379701 7.275199947378367 -0.13748453862405718 10.623771167019076 4.92241848205065 4.229664484004786 -0.7401759124933645
-12.116189260340095 -0.2751415777990812 3.1662905859955752 6.895406016213972 8.201731650593329 0.685949412066881 -4.525134369874528 29.12284025582734 -2.65278635170976 -0.12223739116561028 -5.727284546943785 -1.1651009422026626 -0.7661411470471582 0.014631740327976827 -5.303420481739609 -3.958665276048262 -5.247742545395348 -1.7582588824180072 2.8845291102932573 -11.32650133631325 -5.749303056902034 1.846466766453242 -2.2219940089091526 3.5825741967659726 11.951108066642556 -5.799030484431144 2.822822405576058 0.1276822088352959 -5.881928486313478 11.294788372704906 4.25454426043589 1.1900176503768984 -10.71526164941504 -1.0271801484820267 0.6136643026302407 3.4157179763477448 -5.451537811452688 -8.174077800988135 -4.057890793964345 3.1484031715095977
9.225799970993704 1.0070356827236688 6.875575230932164 -7.490766783116531 1.7647182854745662 3.013433612309055 -1.754256491610503 -2.65278635170976 37.06850401348283 -0.9155834142710827 2.3518409393971447 -0.04957268037399148 -9.718597133419422 -2.6586770356329112 -1.892686108618344 -13.641762162178027 -6.855105321434525 -1.35337393795633 -6.730299752688865 7.551723970730042 -0.465372099844751 -4.508128531066906 1.3879799198190568 0.25262073555057585 3.3141369976139945 -0.162095959415174 -4.119960012539312 3.2638159721989926 -4.655043788442776 14.702463234058822 9.183300428024882 0.43847762833066184 0.8591287233050628 3.7416783633030217 -14.871707766362428 5.845349236583459 7.30157421516211 0.776842635960941 -1.0189196920047274 8.940490705365383
7.901913415565817 -0.35297760404038747 0.22344940642657693 0.7111044546832997 8.788085292343524 -7.983619293152329 -0.5401493244833563 -0.12223739116561028 -0.9155834142710827 45.984832804491255 -2.9222509023934347 -7.761897029201748 -1.975160291567771 -0.11973365360234872 -13.01932832390719 12.755576988188327 9.165649346833147 -2.9226776555286365 -0.9860953578724951 -5.5561050593675025 -8.137731748976478 -4.873498363530877 2.1869937464834694 4.083234267638717 4.109037002211034 5.402801535712384 0.8540495985153623 4.34626899311535 2.948221431991159 -0.8672607806145713 -8.718326843977906 1.8106991776859522 1.7183588991289531 -3.66523937811796 12.233601359508532 1.7760906121970017 9.859898881737358 2.1160573348583402 10.494233784278158 -2.6794644979932913
-2.386325268546546 -3.064676360701887 -1.6902602525193509 -8.188486807505377 -8.503664782444789 7.112127673841169 1.278905093886938 -5.727284546943785 2.3518409393971447 -2.9222509023934347 30.64239363024129 -5.909100517421379 10.383079602910048 -3.2121532547139777 -1.9444472950900282 -0.13159132908933513 -0.9373789980344283 -3.3116619862700687 6.295164595213802 11.117513106671145 -0.1660061199583989 0.435154578095455 2.479410537072123 3.0781534690396715 -9.502511800432226 4.067198938523081 -4.129199828151625 7.248201419080725 9.708781069635455 -5.599309222862199 -0.994817829774983 -5.395626048695566 -7.039750356657102 -4.823504472278197 -3.901072362890836 4.78548773927895 -3.7991884703345797 1.3494424639203815 1.9308752618361915 -4.720555723771038
4.818583538350013 0.3839953125702091 -5.083673333402659 -5.515688336035952 10.555036444314164 0.21782862243260107 6.521565843755679 -1.1651009422026626 -0.04957268037399148 -7.761897029201748 -5.909100517421379 43.33557548779896 -4.403994401184273 -5.308966595609363 0.258286380910644 -18.43419600069371 -6.542119804869252 11.067656166846856 -4.517669039237482 1.5620696144427892 4.8687477697803745 -1.6035087610976262 3.127575814321458 -0.792810491300224 1.0846366856372445 -15.291696860925672 -4.307773937920284 -0.4381579389614004 0.13200871892621993 8.168505435097144 12.318627031840158 3.1932128586370325 6.734040167517862 4.288407599137673 6.613543450060244 -2.7046936957491994 6.887617050416276 -4.612666615667875 7.972828719435954 -7.7092104426259676
-10.03472208991363 1.2726251566022164 -5.511577742314238 1.1617714690112377 -2.9415293054005156 -2.5032617091534615 4.156521290184897 -0.7661411470471582 -9.718597133419422 -1.975160291567771 10.383079602910048 -4.403994401184273 20.15369236895288 2.036228683226918 4.3294207650949215 5.766507771916515 0.8168553158228657 -1.5281589615843962 1.4659072344682682 5.829645339148617 -1.832566461954517 -0.8701412571079599 7.718501875250543 0.5603865026974755 -5.285385743830258 4.40725133102007 6.906539172828884 -2.253810001393625 12.349737730402389 -4.05865440731121 3.405062059917657 1.0256257540498313 -1.316857833240778 -7.173945516603188 3.7676734114163373 -0.7299618918659389 -0.9372317813611679 -5.5961099912701675 0.7809106349535958 -1.2027788249126532
-1.079166441417446 7.454234335919388 0.0485660987315319 -0.8608776351134114 0.31390650210735227 -1.9639106650744027 14.146453376024201 0.014631740327976827 -2.6586770356329112 -0.11973365360234872 -3.2121532547139777 -5.308966595609363 2.036228683226918 32.41696818911222 0.16304756260949355 11.465821536114998 2.124263978297523 -4.999967947730047 -5.658385005649626 -3.9284602090838994 5.980594927441033 -0.6237450160680242 -14.971485350642126 -10.862287128675376 5.594339134063203 12.724799602372059 11.049361721634758 -2.144638832763819 -1.7648830665326232 -0.9059281482533604 5.311319847229956 0.3878678467614193 8.121858259470397 2.683560984860762 -2.2829541599439085 13.17080807968053 2.7052680141635617 -0.49649115004010536 0.40266318130653767 -2.4055584483077244
-19.156956520509254 -2.2192839209498265 -3.640644521444392 -4.504053237459889 -2.2609328688576404 -2.3159543237837688 2.7301131447763494 -5.303420481739609 -1.892686108618344 -13.01932832390719 -1.9444472950900282 0.258286380910644 4.3294207650949215 0.16304756260949355 52.54265684551584 1.9514185828195563 0.4872941629045008 -3.6287516951163 3.1638482773430607 5.016036848270203 -0.48066809419380063 -1.2960866139719243 3.358552030168648 -0.49099476331781755 -5.096971228138506 -3.777274611174836 10.679746789304891 -10.503287532281396 0.13569542052163436 -6.432495715938039 0.3198577549605786 0.9982141244142729 9.16958910806807 8.711851274566136 -9.788383110801744 -5.7608699158378 -5.140706397577236 3.7245695933736567 -4.568795923265836 4.705944260274818
-1.0417510990262808 6.5252085440432905 -1.121378446139933 1.7741888059796662 -13.98633316178786 4.957426607103896 11.834317238518704 -3.958665276048262 -13.641762162178027 12.755576988188327 -0.13159132908933513 -18.43419600069371 5.766507771916515 11.465821536114998 1.9514185828195563 58.40256226389806 0.9920128753560362 -11.948501961673843 -9.274504941581775 1.5377725672969063 -2.1733366154848754 5.829040340723332 -13.790107060463606 -1.141590024148946 1.7608848160024055 0.2304033841127808 8.61165055740289 -3.504267418186113 6.878975838889083 -17.247085678504927 -12.489164774665037 -0.36829270904095696 5.817531824327221 8.633326047219079 4.0338580779942115 -8.560888588627817 2.1532811085104524 6.431022917171098 -0.8859460754104634 1.4724786230381082
5.427811643780273 5.031944777349446 2.968600373177029 -0.42417642831570745 0.29129537358814184 -8.267999679477862 -7.3165120770049885 -5.247742545395348 -6.855105321434525 9.165649346833147 -0.9373789980344283 -6.542119804869252 0.8168553158228657 2.124263978297523 0.4872941629045008 0.9920128753560362 49.57567664897727 -4.565837222154482 7.612939805220295 -4.583057206944426 7.350005786488789 -12.30925160729135 -0.7592247070163537 5.190599397181172 -6.226554029934707 5.116692219613634 -7.574728277800151 7.58424018066092 -9.449624190441563 -0.5309156257775001 -17.960206178204427 5.905949363621603 10.39698443942619 -2.817969990972689 -9.666233127174422 1.4434227559021373 1.5978138739828027 4.44659539373098 -0.4706692504516329 -5.075378114921158
-2.5224481711441595 -4.010795363067663 -6.253604062242873 -4.369943678280839 3.132448947796001 -1.6964616979953884 -4.895721362991943 -1.7582588824180072 -1.35337393795633 -2.9226776555286365 -3.3116619862700687 11.067656166846856 -1.5281589615843962 -4.999967947730047 -3.6287516951163 -11.948501961673843 -4.565837222154482 33.02519681058877 -0.7893879598854461 10.030761964997515 8.752764859086037 -4.6421855421670895 3.139448075819972 3.2258848159777767 -1.0624133334594426 -0.7190493596315385 -12.63642236549654 2.7235293983928335 8.963050759864576 7.745745957875643 2.1518247502107877 3.2156661687456856 -8.274310300548919 1.28334318553901 3.0418198926926894 -0.8642189858953404 10.445130526255706 2.1781435273217924 3.422334465063305 -1.9891545097755197
-17.593648425105794 -4.942253314835103 -6.329581293475197 -3.134645100419191 -6.169376646740351 4.9672093886569995 -8.787265011097787 2.8845291102932573 -6.730299752688865 -0.9860953578724951 6.295164595213802 -4.517669039237482 1.4659072344682682 -5.658385005649626 3.1638482773430607 -9.274504941581775 7.612939805220295 -0.7893879598854461 46.391796362751826 -3.640536489886806 -1.0488189970117483 -11.78007972876973 -0.3504687547640683 -4.062693201414805 -1.6336646780691337 5.555677928081251 -3.7634873132545854 3.9595432707094926 4.736828451239212 -0.6548495760321543 -6.174004055479054 -1.586176559501212 -5.506329565765881 -15.484809264707382 -4.932703088365675 -3.656585628216919 -5.3205804346055965 -4.189278820683135 0.7663492322952424 -1.7313915479191169
-4.021070732336836 3.2979922760211746 -4.637454014780147 -2.279902939450317 -7.725282867496743 -1.5084480000333773 5.777404491623654 -11.32650133631325 7.551723970730042 -5.5561050593675025 11.117513106671145 1.5620696144427892 5.829645339148617 -3.9284602090838994 5.016036848270203 1.5377725672969063 -4.583057206944426 10.030761964997515 -3.640536489886806 45.78188094785857 -3.8436456922021565 -6.191268553857543 7.835231809600966 5.654955083898827 -0.12485712116476921 -10.850257765085615 -1.4891336045181796 1.2855892279405285 15.387043827543668 -4.804249379325552 -7.538453129930378 -4.757926152171723 2.4461274433792615 -5.596658831817427 -6.521703686654128 -3.2041953940968493 0.6802226413356144 4.699546528573886 0.34851897340915716 10.303583708100906
8.057235073168139 2.0572875030431335 -3.4281440177628326 -4.929678249857622 1.4805970112429319 5.86198225077192 3.563566848531896 -5.749303056902034 -0.465372099844751 -8.137731748976478 -0.1660061199583989 4.8687477697803745 -1.832566461954517 5.980594927441033 -0.48066809419380063 -2.1733366154848754 7.350005786488789 8.752764859086037 -1.0488189970117483 -3.8436456922021565 34.94971516818192 3.021007878169241 -6.11305411302873 -15.053121516303978 -3.2917828103937588 8.746592076810563 -5.6698327259657315 2.889541505824608 -13.421659714881795 -3.972499457314026 7.458917494599852 4.355897802995041 -2.722468032493291 3.5924745551986 -7.710200572914155 0.8257785699047889 10.523861284762024 -1.2177330681080707 -5.842616165129871 -17.2685490862905
5.325984948474599 -4.760512806340676 -1.5880727978637037 5.57373770086339 2.183780301556931 0.043949305117379274 8.36950908197833 1.846466766453242 -4.508128531066906 -4.873498363530877 0.435154578095455 -1.6035087610976262 -0.8701412571079599 -0.6237450160680242 -1.2960866139719243 5.829040340723332 -12.30925160729135 -4.6421855421670895 -11.78007972876973 -6.191268553857543 3.021007878169241 34.909177683187345 -0.6936855634622608 -6.020402130364397 -1.4286041823240585 -2.3614202913960676 -1.4981234066950333 -2.7828221551745442 -6.523547671661062 -1.9827968764948622 3.5540154111191695 -4.213947024552783 -4.934111955365339 -3.036029925276001 2.9488839742095236 -4.665451509753304 -3.9858859330029004 1.1130996104296829 -10.800095289314863 -2.65855899446359
-1.8471897951111491 1.3414537210884738 -4.068924357650667 7.904025572253259 6.1409946304307255 -9.547808079287647 -1.2670383539040682 -2.2219940089091526 1.3879799198190568 2.1869937464834694 2.479410537072123 3.127575814321458 7.718501875250543 -14.971485350642126 3.358552030168648 -13.790107060463606 -0.7592247070163537 3.139448075819972 -0.3504687547640683 7.835231809600966 -6.11305411302873 -0.6936855634622608 45.576386449478235 13.317995314458894 -9.905292425652194 2.5195759310988395 -2.0287133587509136 5.042097252124246 12.990630875013048 14.367978726665491 -1.4518289245118097 -1.1923646013797429 4.550641150663126 -11.145173199131618 9.100612789800476 -12.707483260105345 -6.728893099383174 7.04392046647853 -2.3426958225483174 6.677234068560354
-12.590767411836177 1.540632667948755 9.91000447421017 -4.219521610692359 2.522818449584915 -11.321814587100798 -4.7465971516948375 3.5825741967659726 0.25262073555057585 4.083234267638717 3.0781534690396715 -0.792810491300224 0.5603865026974755 -10.862287128675376 -0.49099476331781755 -1.141590024148946 5.190599397181172 3.2258848159777767 -4.062693201414805 5.654955083898827 -15.053121516303978 -6.020402130364397 13.317995314458894 54.909601796312636 -7.343985411445754 -9.283599944593664 0.19669996826121364 6.319761602241827 4.880166004149386 7.21477599747597 -12.87557886443687 -0.5778435236876974 -1.990485359748557 -5.193151591732095 3.0396342907916494 -9.112904902315359 0.9992838692407823 2.3459465193945737 -3.743751470268816 20.99603014121189
-0.2267200493344507 0.6330256192550334 -3.083924545447359 4.989348305599975 4.984465288875454 11.292749944385916 3.022178506831809 11.951108066642556 3.3141369976139945 4.109037002211034 -9.502511800432226 1.0846366856372445 -5.285385743830258 5.594339134063203 -5.096971228138506 1.7608848160024055 -6.226554029934707 -1.0624133334594426 -1.6336646780691337 -0.12485712116476921 -3.2917828103937588 -1.4286041823240585 -9.905292425652194 -7.343985411445754 28.233108903741677 -8.738190723723283 6.5479743832284605 0.07270229164522961 -9.599150499020476 5.606539496065156 7.324942614507349 -0.19801543482956796 -1.1743829796708045 -1.6814693167094972 -0.06786812662351788 2.756520871647619 -9.192730751001898 2.225656943556889 -0.19569234122761703 4.129926225492811
0.24080292400514083 1.7665304483157356 4.452827366224753 5.485205194789307 4.24143809579035 -0.386629054049885 -4.10875532827682 -5.799030484431144 -0.162095959415174 5.402801535712384 4.067198938523081 -15.291696860925672 4.40725133102007 12.724799602372059 -3.777274611174836 0.2304033841127808 5.116692219613634 -0.7190493596315385 5.555677928081251 -10.850257765085615 8.746592076810563 -2.3614202913960676 2.5195759310988395 -9.283599944593664 -8.738190723723283 38.74702968385602 0.9445615966420001 1.2312772362285358 6.154949534438784 -6.397594183870636 6.8252293085832045 0.4713874119189086 -3.111405108820659 -2.0419802454561164 -2.1968236368467906 10.086910554641106 6.599600765445928 4.847235339206734 -3.6548141457425856 -3.396061351575886
-8.625242525828067 3.3963750334365854 -0.7931192591147791 5.517859716620738 1.7924708934516276 -3.138198259262281 13.062800641344058 2.822822405576058 -4.119960012539312 0.8540495985153623 -4.129199828151625 -4.307773937920284 6.906539172828884 11.049361721634758 10.679746789304891 8.61165055740289 -7.574728277800151 -12.63642236549654 -3.7634873132545854 -1.4891336045181796 -5.6698327259657315 -1.4981234066950333 -2.0287133587509136 0.19669996826121364 6.5479743832284605 0.9445615966420001 33.90061308386868 -5.400324164312417 -0.5256617152433384 -9.714611396237368 8.85819477014806 -3.9226877340013564 -0.37943784674026015 4.694318471332257 -2.6751525779531566 4.057669855699869 -1.4244341767908697 -7.832010999830404 -6.672299303936737 5.0076068719331515
10.466241517279855 -2.1108950504435473 -1.648315148071994 -3.2734371154114816 3.997917962781633 3.119258744989792 -0.7093488887072293 0.1276822088352959 3.2638159721989926 4.34626899311535 7.248201419080725 -0.4381579389614004 -2.253810001393625 -2.144638832763819 -10.503287532281396 -3.504267418186113 7.58424018066092 2.7235293983928335 3.9595432707094926 1.2855892279405285 2.889541505824608 -2.7828221551745442 5.042097252124246 6.319761602241827 0.07270229164522961 1.2312772362285358 -5.400324164312417 21.815275522889145 -2.6939236213741315 6.079310379678898 -3.0292988199900397 1.5826437079996178 -7.192573486982662 -2.2389566342338094 -0.8336209525057431 -0.40678731819230224 0.21712448033328885 2.825184115494105 -3.27540034282904 -2.492692845913623
-12.636662513934755 7.033033665272288 -2.4536805499266277 -0.6965236544868887 -7.597119093770302 -8.482013971489572 -3.5623025765203877 -5.881928486313478 -4.655043788442776 2.948221431991159 9.708781069635455 0.13200871892621993 12.349737730402389 -1.7648830665326232 0.13569542052163436 6.878975838889083 -9.449624190441563 8.963050759864576 4.736828451239212 15.387043827543668 -13.421659714881795 -6.523547671661062 12.990630875013048 4.880166004149386 -9.599150499020476 6.154949534438784 -0.5256617152433384 -2.6939236213741315 43.10633319557319 5.755464156366496 -3.0383071797230206 -7.573640562156511 0.5204876797793114 -2.3744897323995864 9.027539146816224 -1.0466884631630349 3.6968491730742628 -7.042895274863825 5.969494263039744 13.25877150359833
3.3704455108853986 2.151466046666133 1.250601483261453 -2.739636271096635 14.885108001829794 -0.15301025714723346 3.4925100334147863 11.294788372704906 14.702463234058822 -0.8672607806145713 -5.599309222862199 8.168505435097144 -4.05865440731121 -0.9059281482533604 -6.432495715938039 -17.247085678504927 -0.5309156257775001 7.745745957875643 -0.6548495760321543 -4.804249379325552 -3.972499457314026 -1.9827968764948622 14.367978726665491 7.21477599747597 5.606539496065156 -6.397594183870636 -9.714611396237368 6.079310379678898 5.755464156366496 57.00314218925598 -3.5138845851918648 12.898575590576828 -0.15406752898614381 -0.38100068679683463 7.174360322286441 6.553351180079595 -4.550245613467371 -3.9926222756162137 2.697997369667932 13.342974995303365
1.959007508150139 3.755687647527041 -1.9029277391176886 0.5034311155202775 3.971441031256654 4.384925190630537 0.2520815222424635 4.25454426043589 9.183300428024882 -8.718326843977906 -0.994817829774983 12.318627031840158 3.405062059917657 5.311319847229956 0.3198577549605786 -12.489164774665037 -17.960206178204427 2.1518247502107877 -6.174004055479054 -7.538453129930378 7.458917494599852 3.5540154111191695 -1.4518289245118097 -12.87557886443687 7.324942614507349 6.8252293085832045 8.85819477014806 -3.0292988199900397 -3.0383071797230206 -3.5138845851918648 36.90186246217515 0.23513296610696693 -5.716608764107547 -0.5789805363634574 -2.655396673351023 7.484664869677528 -0.042578554538074506 -9.75173424022397 -3.5887502524962436 1.4005186992425
8.729783790861992 0.13855251566770244 6.176985679527445 -6.057624802200263 4.587382126214898 2.5978257964562625 3.2105425648128163 1.1900176503768984 0.43847762833066184 1.8106991776859522 -5.395626048695566 3.1932128586370325 1.0256257540498313 0.3878678467614193 0.9982141244142729 -0.36829270904095696 5.905949363621603 3.2156661687456856 -1.586176559501212 -4.757926152171723 4.355897802995041 -4.213947024552783 -1.1923646013797429 -0.5778435236876974 -0.19801543482956796 0.4713874119189086 -3.9226877340013564 1.5826437079996178 -7.573640562156511 12.898575590576828 0.23513296610696693 29.421592974807727 -0.8555801028007547 -3.7719002179016328 2.8169849041525965 -0.7311580447283167 4.710203254833915 -4.221201385887764 -1.3777928373954367 -6.840069648928215
1.8545608402287224 10.430118642970832 0.7532189857825807 -3.305385839120054 3.4167170242871387 -6.581141773859991 2.056725689951018 -10.71526164941504 0.8591287233050628 1.7183588991289531 -7.039750356657102 6.734040167517862 -1.316857833240778 8.121858259470397 9.16958910806807 5.817531824327221 10.39698443942619 -8.274310300548919 -5.506329565765881 2.4461274433792615 -2.722468032493291 -4.934111955365339 4.550641150663126 -1.990485359748557 -1.1743829796708045 -3.111405108820659 -0.37943784674026015 -7.192573486982662 0.5204876797793114 -0.15406752898614381 -5.716608764107547 -0.8555801028007547 33.82405798125456 -0.6543442932729142 2.183217939136284 -8.642483527080268 -7.942482288508356 4.409934865088279 7.831042575870059 -0.18487730806888691
7.719270313836647 -10.390868142904662 3.7136948094545015 -4.395112616058474 -0.8601103279702843 5.97051027999216 -4.966283109379701 -1.0271801484820267 3.7416783633030217 -3.66523937811796 -4.823504472278197 4.288407599137673 -7.173945516603188 2.683560984860762 8.711851274566136 8.633326047219079 -2.817969990972689 1.28334318553901 -15.484809264707382 -5.596658831817427 3.5924745551986 -3.036029925276001 -11.145173199131618 -5.193151591732095 -1.6814693167094972 -2.0419802454561164 4.694318471332257 -2.2389566342338094 -2.3744897323995864 -0.38100068679683463 -0.5789805363634574 -3.7719002179016328 -0.6543442932729142 40.71514458969154 -3.565431813562372 12.560911967043284 6.950204313051928 -2.060845491014114 0.9651966262603613 -3.3682711382061923
4.353305243893416 -2.322133058587764 0.02753172501391316 1.0439658402554286 8.170125544087526 -6.146336761185363 7.275199947378367 0.6136643026302407 -14.871707766362428 12.233601359508532 -3.901072362890836 6.613543450060244 3.7676734114163373 -2.2829541599439085 -9.788383110801744 4.0338580779942115 -9.666233127174422 3.0418198926926894 -4.932703088365675 -6.521703686654128 -7.710200572914155 2.9488839742095236 9.100612789800476 3.0396342907916494 -0.06786812662351788 -2.1968236368467906 -2.6751525779531566 -0.8336209525057431 9.027539146816224 7.174360322286441 -2.655396673351023 2.8169849041525965 2.183217939136284 -3.565431813562372 32.31506602802071 -5.491037732209187 -2.511779950320893 1.0187491017671972 7.930797913652184 -2.784991382072643
2.477026350489095 0.48556819184835104 7.78166322744048 -1.0312301571636746 1.143568799941151 3.9781385449566806 -0.13748453862405718 3.4157179763477448 5.845349236583459 1.7760906121970017 4.78548773927895 -2.7046936957491994 -0.7299618918659389 13.17080807968053 -5.7608699158378 -8.560888588627817 1.4434227559021373 -0.8642189858953404 -3.656585628216919 -3.2041953940968493 0.8257785699047889 -4.665451509753304 -12.707483260105345 -9.112904902315359 2.756520871647619 10.086910554641106 4.057669855699869 -0.40678731819230224 -1.0466884631630349 6.553351180079595 7.484664869677528 -0.7311580447283167 -8.642483527080268 12.560911967043284 -5.491037732209187 39.637301133224646 3.344341871204556 -12.416039955659839 -1.3933031886562859 2.0129007825179754
-0.8592247694003164 -4.9059570931188645 2.7859501274281473 -2.346306132189455 -1.7310320404683388 -3.775506927626223 10.623771167019076 -5.451537811452688 7.30157421516211 9.859898881737358 -3.7991884703345797 6.887617050416276 -0.9372317813611679 2.7052680141635617 -5.140706397577236 2.1532811085104524 1.5978138739828027 10.445130526255706 -5.3205804346055965 0.6802226413356144 10.523861284762024 -3.9858859330029004 -6.728893099383174 0.9992838692407823 -9.192730751001898 6.599600765445928 -1.4244341767908697 0.21712448033328885 3.6968491730742628 -4.550245613467371 -0.042578554538074506 4.710203254833915 -7.942482288508356 6.950204313051928 -2.511779950320893 3.344341871204556 43.484823784177244 -3.510183708119326 0.7939787870913314 -11.715472297950049
4.066180583671204 -9.382091985853075 -5.143235382506343 4.8471791486739475 -0.9741219478643143 9.932655541392366 4.92241848205065 -8.174077800988135 0.776842635960941 2.1160573348583402 1.3494424639203815 -4.612666615667875 -5.5961099912701675 -0.49649115004010536 3.7245695933736567 6.431022917171098 4.44659539373098 2.1781435273217924 -4.189278820683135 4.699546528573886 -1.2177330681080707 1.1130996104296829 7.04392046647853 2.3459465193945737 2.225656943556889 4.847235339206734 -7.832010999830404 2.825184115494105 -7.042895274863825 -3.9926222756162137 -9.75173424022397 -4.221201385887764 4.409934865088279 -2.060845491014114 1.0187491017671972 -12.416039955659839 -3.510183708119326 41.33686923614446 3.173716716221589 -3.4059156407367026
1.331398220139084 -2.695139011554227 -5.6626256306086695 -8.638344105745592 -3.758801006979839 -0.3631265303259687 4.229664484004786 -4.057890793964345 -1.0189196920047274 10.494233784278158 1.9308752618361915 7.972828719435954 0.7809106349535958 0.40266318130653767 -4.568795923265836 -0.8859460754104634 -0.4706692504516329 3.422334465063305 0.7663492322952424 0.34851897340915716 -5.842616165129871 -10.800095289314863 -2.3426958225483174 -3.743751470268816 -0.19569234122761703 -3.6548141457425856 -6.672299303936737 -3.27540034282904 5.969494263039744 2.697997369667932 -3.5887502524962436 -1.3777928373954367 7.831042575870059 0.9651966262603613 7.930797913652184 -1.3933031886562859 0.7939787870913314 3.173716716221589 26.603671635487945 -1.7149394493482268
-8.589554032926372 12.3464199552101 7.466302523426126 4.167514175804224 -2.886255547711915 -5.828617976238407 -0.7401759124933645 3.1484031715095977 8.940490705365383 -2.6794644979932913 -4.720555723771038 -7.7092104426259676 -1.2027788249126532 -2.4055584483077244 4.705944260274818 1.4724786230381082 -5.075378114921158 -1.9891545097755197 -1.7313915479191169 10.303583708100906 -17.2685490862905 -2.65855899446359 6.677234068560354 20.99603014121189 4.129926225492811 -3.396061351575886 5.0076068719331515 -2.492692845913623 13.25877150359833 13.342974995303365 1.4005186992425 -6.840069648928215 -0.18487730806888691 -3.3682711382061923 -2.784991382072643 2.0129007825179754 -11.715472297950049 -3.4059156407367026 -1.7149394493482268 41.069643658286324