50
43.065237720317164 -5.6346628178178495 -6.962059849922436 -10.890086836885516 7.4063195051790265 8.166425024192078 8.443257787638663 6.832911211605335 -1.7212909666973726 -8.392020287042017 -5.5378637488801985 13.2505868100413 0.021405592201937555 6.9831994645024125 1.7865354079092357 9.131929113346468 -4.808054447872611 3.9379561668327834 -2.1115014746030076 15.213792604627 2.6382595904485857 -6.696402809371562 2.8488409615935026 0.24117996353068316 -7.801405919354909 -4.690619227489502 -4.942427465752084 0.334771719540044 -5.49707809961223 10.945273358098728 1.6217904767394447 0.6767552918806475 -1.5314296353964838 0.9964456312987816 -1.5230682847232797 14.129602719986963 1.61880757256414 -2.2263365184808532 2.6239217766919682 -0.7596508190729613 -4.926106247499997 -6.072115274182291 -1.2993664753073801 6.239695969597136 -5.677208005157305 3.3312826111655607 3.0915720233666635 -5.188503934463287 4.5938366555166175 11.419989410077063
-5.6346628178178495 59.629232399878134 -8.548334331250492 11.049106361486178 -7.855035047312475 4.235859218078196 2.8968720193216804 -9.186716316172241 -1.1011316363255648 0.1688535550932056 18.857569802555613 1.80505802643623 5.771662950766904 0.794469303326229 -3.656281463162515 -10.909018918996054 -3.08762886250427 16.507183826848898 1.0398236220557302 1.1674038126452664 8.990481467792769 -5.099214135803968 8.117552763440964 3.476021253066601 1.4314255106366969 -12.14379186525143 -12.084789087730487 -0.7245542684010888 -7.97717186867671 -9.39929528960653 0.44073203865917926 0.6173489434607375 -4.329526764137665 0.9363405243828234 -4.01115853646675 5.902127276410784 8.386516367855306 10.002457874536107 -10.443145890873868 -0.17605906211125572 -10.311043550522454 -7.308675866238305 2.6029015823946198 -12.41587925942556 -5.732605815165 0.8851235665506286 4.690908718222805 13.614640685981815 7.9370542379736015 0.17440666985128303
-6.962059849922436 -8.548334331250492 47.97381007346466 -4.488909563904007 -7.256826414717092 -0.9089241614071167 -0.055202017242126845 1.5978966778196022 -0.33016834174490856 7.756069842898331 -8.743763620233645 -14.232758487142531 -15.761219075459069 -4.585050079885248 5.835915654049469 -7.075995539337795 3.4133910306475888 12.152773650477096 3.6034593461393536 -13.23378300451853 1.0186009212345588 4.173527349758599 7.7373602810869775 -3.183360996392346 5.596329950046192 7.537558752227327 0.6979002276664112 1.9541638036380908 0.1583532381961295 5.045598703257814 9.781959938437415 5.844345469792986 0.7652502819330825 -2.0335064733246684 0.35508540103119035 4.741313701376218 -6.088583947454215 19.58670214063877 10.324895165503474 5.82306224179548 -7.5820596440754064 0.16320741306417774 1.6476740695207925 3.302829282309063 6.874733053782852 2.9459948704704635 10.754943119229756 2.39893727006352 -11.274250551087302 -1.823401213334733
-10.890086836885516 11.049106361486178 -4.488909563904007 50.279434553135026 1.5162070269936212 -2.4424680946464 -14.244781996336398 -1.9249128289825645 4.835730111798201 -3.68417092153125 -6.105887329251695 -11.640131918634475 3.6426368628210426 5.25416959113784 -3.5831772395720356 5.218571602243787 0.8699017908755982 -4.330400979981945 2.476158756389014 -3.4117628521747916 7.643937601868931 3.6339501453467222 4.05744478263453 16.298563014719093 -2.457127447212693 -2.8869780068270146 8.181624315503399 -9.386797164188836 -6.6253303939142265 0.9374560545008773 2.227055767947742 -3.327086698531771 -3.454881756265406 -6.771698606752016 -4.961090518102983 0.18627918512778963 -7.738410722836714 -4.588339665558863 6.294473188167042 -3.8178511355158844 -2.99083777210335 10.18512479327525 -2.1971410799153572 -4.480350867573881 -0.5406733106596429 -1.531003951102421 -8.24442803614618 6.49330681961845 -4.659285429888631 -16.879117552029278
7.4063195051790265 -7.855035047312475 -7.256826414717092 1.5162070269936212 37.92726639154118 5.754078866506727 5.406619876971902 -0.21618195530354303 -0.28101610683270106 2.4932045683511666 -7.266344107477668 6.10604079083595 5.347992671914141 -0.8529753328977092 5.3140680888789555 5.322772756710561 -7.103124373071077 -8.228841780700037 -8.735225894890121 5.033277800356476 2.4489613981120493 -0.3045959867841264 -0.6579226563205031 -12.756637392395485 -7.6428019604033075 -6.635734884126829 -6.809241926046951 -12.098381965558646 2.1748479431419008 6.480705240985545 -1.420406039475212 -11.361111428788695 -0.9194976406978945 6.186890308611904 -0.1606894988150068 1.1382199698979643 -4.0485196167757165 7.440418825527873 2.838733609378977 -5.49156912994301 -0.6085076607112093 -0.05502721667670625 8.982401092300247 -1.3082822925027364 -2.125521466337798 1.313538061265581 -5.752578873115415 -2.7732075654846686 0.9326999698142637 4.18681222896428
8.166425024192078 4.235859218078196 -0.9089241614071167 -2.4424680946464 5.754078866506727 50.3697930211594 11.865996935924178 3.764626702537297 4.242795495380367 0.08656219755945932 -12.670841536314507 -7.902792222502441 4.347310186571907 0.3844835761822216 -5.881831813867385 -3.7501552774809355 -4.4162971838368374 0.3224177112630935 9.256024950475034 -0.1786076465621758 3.2166361020554266 8.538255204182976 5.645037499487355 8.487330432376055 9.947737059145904 2.052120938688544 0.7821886422186053 -3.9196100600383565 -2.3901417382249805 3.117252149421543 7.5796043279581 -17.72189852528787 -0.25947544706156145 -2.3349655487636056 -2.203502015036166 2.6394097844390583 -1.8893901772174369 1.0182798057078053 11.205935564068634 -0.09147568566839771 5.1617132048390735 -6.463532459360648 6.937042027142352 2.974552699613939 2.697085398414843 13.162475749718304 0.3993410942177719 -6.181343979260352 10.377614739270928 -3.2038115598201102
8.443257787638663 2.8968720193216804 -0.055202017242126845 -14.244781996336398 5.406619876971902 11.865996935924178 63.086987456281335 11.299570418340627 -16.155772251906697 -2.7077632090212553 15.788829765965849 2.1639684880348886 9.09657021188158 -8.889869826286601 -5.601229040855268 -2.812354727634947 -15.882826870187868 1.0459324243669998 -5.578103983021527 -1.0279482667817073 6.693764278632616 -3.309016573728261 -6.792086031220864 -9.992311219545538 3.800710570930518 -6.205663694968311 -2.5832590051243502 7.748756625186162 -7.691293176228548 -5.8385100085019825 -9.625063205394357 -0.34413845565589024 10.186289559873249 1.2541860346135474 -0.12688892912373428 -1.5283168311498083 4.0593293916927795 7.107044894795537 10.263929039803568 -5.904728094662734 -4.452366571351071 -7.0250543834192705 0.1289296177685531 6.700245903510217 11.392594600945777 15.0015465348685 -6.9689410967184555 10.595005648767868 8.202592706717816 10.978454772106456
6.832911211605335 -9.186716316172241 1.5978966778196022 -1.9249128289825645 -0.21618195530354303 3.764626702537297 11.299570418340627 51.115651797410166 -7.5692722393027685 -15.678596833300315 0.7386889384889801 12.321422421240118 9.186522764008163 -7.079644829106278 -6.269769467128397 -4.241292866313074 -11.456190141560377 -6.042085520426547 -8.558032487632254 -11.266960509813645 -3.1428608246149046 -4.555652458988036 7.011144197977196 -3.0973922243764638 8.90223712740694 -9.367876266372905 -0.9486180924600913 5.8622100855649135 2.000677209621134 -8.139370420418494 -5.4558133608170305 3.722636665695928 13.404419586814935 1.1618661722906962 1.5421659177828235 5.789802142950067 10.856152817584288 -8.05853820819011 -4.352312411073684 -6.149756289779598 -6.251892404616891 -3.7829572017821205 -3.027383137354957 -0.8295697810360266 -2.6956102939498168 4.056995218211647 3.0232365332666626 3.919926215981819 5.299659936150865 5.730003395483022
-1.7212909666973726 -1.1011316363255648 -0.33016834174490856 4.835730111798201 -0.28101610683270106 4.242795495380367 -16.155772251906697 -7.5692722393027685 43.54445225385391 0.8264767607579185 -13.09183677196448 -10.338281875138176 -4.021545157442821 -1.7934089604406154 -3.177655791067974 1.0303014324202169 -0.8865129955181438 9.123437899469913 8.91547277293994 -8.863541188186538 -1.6837569871071736 0.593863070116599 -2.079231966768302 4.240380861132686 -5.005769430866068 3.3438773885648594 -4.273522993932041 -6.281910011147043 7.458097426797464 2.882373449826174 14.57903118011041 6.361190897707094 -6.810424152633957 -0.6542889250447919 8.432649315684829 -2.4620651722577804 -7.051758632836408 2.088911212574505 5.84275616777173 8.654500167488429 -9.405378780048665 10.78999612459722 6.941664011410732 0.3923626470998881 7.02542382336782 2.567371342971386 -6.538693306664139 -8.883986117393071 -1.6741243429919486 11.90112391823686
-8.392020287042017 0.1688535550932056 7.756069842898331 -3.68417092153125 2.4932045683511666 0.08656219755945932 -2.7077632090212553 -15.678596833300315 0.8264767607579185 62.94497791427415 -4.734048083770806 -3.301705401040724 -9.394876026121437 -0.8243700884257474 1.4043040813784853 6.762915746486749 15.051364214755278 0.7570623317559583 -0.36223306731436067 -1.3871414618804152 -6.6574684095970635 1.618939653054787 5.313907703719341 -3.900062877774553 12.779799157677237 3.3451644817174753 12.076578222572003 -4.50714315688297 -3.8188541577314905 0.46088716282359476 4.601756991715408 -0.28906293304242486 -7.441859057780216 6.297773252056489 -4.408262766885617 -12.127459954902312 -16.031835673546382 11.867637061017637 -2.6352259200368797 3.5899617392815153 5.653551265015279 3.6258320439901133 -8.389710178506359 -7.638292080191978 4.204730345269492 -8.6291560377278 -3.7519736041029192 13.26280422492868 -4.442265111451057 3.794366421821033
-5.5378637488801985 18.857569802555613 -8.743763620233645 -6.105887329251695 -7.266344107477668 -12.670841536314507 15.788829765965849 0.7386889384889801 -13.09183677196448 -4.734048083770806 47.005635143853766 7.621172223483369 -3.8419795277517808 2.0867587943536616 2.9087619098783657 0.449295542135829 -3.07504837459661 2.338452340000075 -10.024982575988117 4.2655460940413255 6.583030488875102 -16.40793073451946 9.320771540829195 0.9323492906886471 6.678487207531452 3.67485535681846 -5.328326832979706 4.7627807609958355 0.2873000628579647 -10.62386014894925 -7.377900747879997 10.567424626184982 -8.779880458404001 1.1614010368922931 1.8025955628076993 2.1977275348562824 10.857307676271958 2.7347282478089805 -12.848932821928372 1.890893887339275 -1.3891078561359103 -3.3486999045513364 -5.43643997580553 -2.8783640018493646 2.8925522876639467 -1.9572837651745605 0.7528902699196234 3.306641242275715 -4.565853870833569 1.6366726753463294
13.2505868100413 1.80505802643623 -14.232758487142531 -11.640131918634475 6.10604079083595 -7.902792222502441 2.1639684880348886 12.321422421240118 -10.338281875138176 -3.301705401040724 7.621172223483369 62.59850918092024 -2.8518990162758437 6.088764340530874 -10.680199855694667 -2.5194856480367935 7.873983113745209 -17.925257738695574 -12.795154817666935 5.5718457299796675 -12.031082629457714 -4.348479331422536 -0.39422042982511774 -14.789950228984567 0.8794204488025162 -19.353550711106458 -9.229381145755244 -7.2041185881233005 8.579306738686533 -4.483629502358313 -5.521688287358284 2.2180137249906853 7.595120505065717 3.655014991659328 0.5531832014605115 10.06661915600587 11.52775093432606 -4.087233788300068 -13.1276276711202 -2.9978070066324163 -5.429468988553542 -3.5315159463776093 -3.4878172494346433 13.258969981960883 -29.854978991842827 -4.85528947531982 7.78844368664254 10.79444588822067 -8.979088579066874 14.59461044312174
0.021405592201937555 5.771662950766904 -15.761219075459069 3.6426368628210426 5.347992671914141 4.347310186571907 9.09657021188158 9.186522764008163 -4.021545157442821 -9.394876026121437 -3.8419795277517808 -2.8518990162758437 39.4543223049636 1.5272601684415477 -1.32844316233837 -4.860391008726226 -0.8455794709139637 3.7737737130732367 -7.388239921778513 7.893527904998016 -1.2759718352258114 2.1361226674952416 -1.1808246204150545 0.2616478376959268 -0.2789947394324985 -9.07305401627459 6.704205401753652 9.179672959562616 -5.0558308731828845 -7.757433701228433 -6.728108262332077 -4.288700925976991 10.29593338661158 0.9253053049532268 3.909349407260358 -2.7295460655249904 3.5457148435326835 -10.866662413223557 -4.80498008771986 2.6576409359529753 7.773575752332247 -3.4731580453224264 -1.6945709094724535 -10.297806124393592 -0.47999095974347905 -4.5242247991083175 -1.2558993947203714 2.7308360557849647 7.552870756162409 4.015375768426486
6.9831994645024125 0.794469303326229 -4.585050079885248 5.25416959113784 -0.8529753328977092 0.3844835761822216 -8.889869826286601 -7.079644829106278 -1.7934089604406154 -0.8243700884257474 2.0867587943536616 6.088764340530874 1.5272601684415477 33.59781375067199 2.982829161758786 1.587359263782916 -0.6028092035378074 6.769783243335833 -4.8061976379363855 9.28811748889247 -1.3041399861742027 -6.15273688711308 7.114226358213097 4.028098015599012 -7.127520509550219 -8.97086961457265 4.710131461236491 -4.354297090682169 -2.802618801522691 1.61236307299625 0.8394632655617984 -2.959763513983259 -5.910236099982955 -0.037762018169350285 -2.577848102249402 9.149779683669482 3.799208459735772 2.7238652527614637 -7.309006306934304 -0.8261040248445644 4.085985688415053 -2.3867140078798887 -2.0155427941747113 -2.2432224774836373 -5.536817469604392 -1.4714894593121495 4.568508602788261 3.086489607201268 -5.873122501658356 -3.004244050178489
1.7865354079092357 -3.656281463162515 5.835915654049469 -3.5831772395720356 5.3140680888789555 -5.881831813867385 -5.601229040855268 -6.269769467128397 -3.177655791067974 1.4043040813784853 2.9087619098783657 -10.680199855694667 -1.32844316233837 2.982829161758786 53.82546873666833 -8.753713848226495 5.746252023606298 11.402904849900038 -2.652396981769612 3.2061940473383532 -7.633768893158685 -2.335031603518691 -5.642156486730845 7.000973837983664 -2.7142730215073447 13.050416686743326 6.30548346524416 -4.968712136565655 -3.8695268946116395 -1.9699427669565974 5.436866028346594 -3.4118216234912437 -8.007868462642746 -0.41837247781787956 1.0597571891777593 8.6888793963778 -9.984147538181892 5.40004014204377 0.18295796483522636 3.6907189578114026 14.105698914962323 15.60961375361043 8.226595699203152 -19.308805697081777 16.916005397951782 -6.37548427722319 10.28978099730328 -6.368134583007179 -0.8025805901005425 4.276948218512113
9.131929113346468 -10.909018918996054 -7.075995539337795 5.218571602243787 5.322772756710561 -3.7501552774809355 -2.812354727634947 -4.241292866313074 1.0303014324202169 6.762915746486749 0.449295542135829 -2.5194856480367935 -4.860391008726226 1.587359263782916 -8.753713848226495 50.26237406014824 7.005653832290487 -4.707508259402903 -6.158627977128496 11.20908888473207 3.82884916103876 -4.1156627116318765 5.427423839783514 8.423823462499435 -6.467091538285691 13.489703292933608 -2.1378588743682565 -2.569863944949783 2.454545090252963 6.88285706268113 -2.796656985831936 0.08076076061282726 3.336325323621182 -0.26679320060120887 -5.827548360132175 4.554378085310224 2.3914016789112535 -8.167642701482421 1.0635549003887714 3.938363658970797 5.822725535723978 -7.67811097009646 -8.272928665766187 9.424928425833146 -4.945847441186337 4.614217852375039 -12.917138012093456 -2.9590626514864633 -0.08566889316493372 -11.485936149604804
-4.808054447872611 -3.08762886250427 3.4133910306475888 0.8699017908755982 -7.103124373071077 -4.4162971838368374 -15.882826870187868 -11.456190141560377 -0.8865129955181438 15.051364214755278 -3.07504837459661 7.873983113745209 -0.8455794709139637 -0.6028092035378074 5.746252023606298 7.005653832290487 61.20436216686472 -2.511838626872049 -9.584638307887271 6.510665673486957 -17.787878468162713 15.393168395578686 4.499700852632818 11.665407253608626 -7.4571745042789725 6.859637716374544 13.791165207179867 -3.828736937869433 2.14408419550715 5.946826036772399 11.694794874144948 5.169818475459644 -3.081349754261989 0.9287076560830516 -5.020390224793217 4.884604292097115 1.0445505032340845 -2.9736782731133222 3.1109854395402765 15.860118218370367 6.278778602653368 6.653680965218854 -4.554410903239403 5.639664466230387 -10.189822058687785 2.0920662189744235 -0.870798504529425 -4.939454153657989 -1.8534801182256344 -2.0346211520587767
3.9379561668327834 16.507183826848898 12.152773650477096 -4.330400979981945 -8.228841780700037 0.3224177112630935 1.0459324243669998 -6.042085520426547 9.123437899469913 0.7570623317559583 2.338452340000075 -17.925257738695574 3.7737737130732367 6.769783243335833 11.402904849900038 -4.707508259402903 -2.511838626872049 57.115566157949324 6.171018432872882 5.329205919081371 -3.6825054890266666 -0.8759940663221664 -6.897952940916009 1.1448119019990628 -4.155611530643303 -3.685545983709841 -3.9713430103317764 2.0194453726332124 -9.408623639147729 -7.261511282449578 8.016358061505931 3.9636054354180157 -5.142773680199379 -1.1811218642332346 1.9150838584163035 9.064851146105354 -4.982809027678369 13.409419141807485 -5.126026216736306 3.284976017276626 5.134632109869823 -4.069084679837796 -1.0864198719247695 -6.708559557450254 17.27908435242222 -0.5729324124848468 7.76075715948176 13.945062576170194 -2.3412314180630003 2.5776389340027537
-2.1115014746030076 1.0398236220557302 3.6034593461393536 2.476158756389014 -8.735225894890121 9.256024950475034 -5.578103983021527 -8.558032487632254 8.91547277293994 -0.36223306731436067 -10.024982575988117 -12.795154817666935 -7.388239921778513 -4.8061976379363855 -2.652396981769612 -6.158627977128496 -9.584638307887271 6.171018432872882 42.330084126687204 -7.871789617484991 5.680508576655817 6.09552650650328 -11.08442657032959 8.173469817729593 2.697651041716627 8.588669484626454 -2.298938822998211 -1.0950806237953312 -2.521972821793791 4.8041286626278 6.480276208612975 -7.613703337341849 2.2019029760299116 -7.749353398655857 1.9255401909307208 4.254659368054313 -12.538796155503958 -1.702404282446489 3.787679747066451 -2.9831167411044754 -0.36269200612139124 -1.6791356703230305 0.1290216740307346 -1.4068887488261537 0.9965036874089133 6.953710895300055 -6.3406204617842565 -4.015475929386855 9.087877316234797 -1.1362789396456277
15.213792604627 1.1674038126452664 -13.23378300451853 -3.4117628521747916 5.033277800356476 -0.1786076465621758 -1.0279482667817073 -11.266960509813645 -8.863541188186538 -1.3871414618804152 4.2655460940413255 5.5718457299796675 7.893527904998016 9.28811748889247 3.2061940473383532 11.20908888473207 6.510665673486957 5.329205919081371 -7.871789617484991 52.116936278273464 2.253107372145158 -6.5513560798105885 6.5725327856809255 8.031305678010359 -5.429004534343055 -9.433379728507607 -7.640876212607637 -4.364147555705578 -12.550010207047023 -6.5799517926779725 -4.984798629329432 -3.2986115000474205 -6.794254284173654 8.212549347129745 -13.20960307423588 -4.071084857085346 -6.59871420174409 -6.472153611724649 -1.6960440711983542 -12.835645403257715 6.504983294207657 -4.530240900140904 -0.813048037595149 5.96365987378898 -10.178144595014617 -0.7603263802463645 6.270358916840336 -1.5919125241339853 11.660627666901147 1.7840542362501202
2.6382595904485857 8.990481467792769 1.0186009212345588 7.643937601868931 2.4489613981120493 3.2166361020554266 6.693764278632616 -3.1428608246149046 -1.6837569871071736 -6.6574684095970635 6.583030488875102 -12.031082629457714 -1.2759718352258114 -1.3041399861742027 -7.633768893158685 3.82884916103876 -17.787878468162713 -3.6825054890266666 5.680508576655817 2.253107372145158 48.96032507057753 -8.852173114651464 13.102401091707128 -3.728492099503901 -0.5601512811436468 7.400493270952634 -8.658511877727035 -4.132700299632858 -4.076329124723672 -2.6034641517085846 -0.977429855700985 -1.553172310901471 -2.3237823790526657 1.4577240442045734 -1.4357174002700215 5.266887845622463 5.970615374132829 -2.3083173294772594 5.1865866908813345 -3.504756577941367 -4.504279295015251 -2.79929911043699 4.6190025087829145 1.9919531044805416 -9.632276876202345 10.115346801952942 2.6655597445429855 -1.8906759890715454 -5.36395340190231 6.834751525632928
-6.696402809371562 -5.099214135803968 4.173527349758599 3.6339501453467222 -0.3045959867841264 8.538255204182976 -3.309016573728261 -4.555652458988036 0.593863070116599 1.618939653054787 -16.40793073451946 -4.348479331422536 2.1361226674952416 -6.15273688711308 -2.335031603518691 -4.1156627116318765 15.393168395578686 -0.8759940663221664 6.09552650650328 -6.5513560798105885 -8.852173114651464 49.56622119309171 -13.41053299586394 1.0396043994038429 -4.641748740528231 0.10673334381729603 7.9264427579434935 -0.18345264977198072 4.9938382795225955 -2.265791481476837 7.342515243609151 -14.034477800023236 -0.7214473208214132 -6.42843377301699 -9.16174665240329 -3.1276278201340917 -5.174441614635982 -2.464988711618131 12.366696099344134 -4.918002963175982 3.1178624534287103 0.11975571568875197 -5.022085287436398 10.676269421862228 6.350249628975375 20.573462275246747 -8.329517850880356 7.732025062388807 2.096768621063256 -12.227478062465503
2.8488409615935026 8.117552763440964 7.7373602810869775 4.05744478263453 -0.6579226563205031 5.645037499487355 -6.792086031220864 7.011144197977196 -2.079231966768302 5.313907703719341 9.320771540829195 -0.39422042982511774 -1.1808246204150545 7.114226358213097 -5.642156486730845 5.427423839783514 4.499700852632818 -6.897952940916009 -11.08442657032959 6.5725327856809255 13.102401091707128 -13.41053299586394 59.90979170070615 -3.3085481008353717 3.3538874443588833 -4.236169313780522 1.4102194424329915 -17.234964823099045 -0.42930250206942966 -6.279429173745436 -2.8656849590668605 11.446270988497206 -9.28346978224984 -5.345240537765982 -8.139424393699846 17.227787008623938 19.165065048941145 10.672095206562316 -6.524713425371712 7.174936312457377 -16.178912792135673 -15.061892019610081 6.020045348596954 -5.966783627777664 -11.902049021147475 -10.116761120160417 7.816331241084509 -6.679257566737966 0.8299410916302117 -0.7024386293551556
0.24117996353068316 3.476021253066601 -3.183360996392346 16.298563014719093 -12.756637392395485 8.487330432376055 -9.992311219545538 -3.0973922243764638 4.240380861132686 -3.900062877774553 0.9323492906886471 -14.789950228984567 0.2616478376959268 4.028098015599012 7.000973837983664 8.423823462499435 11.665407253608626 1.1448119019990628 8.173469817729593 8.031305678010359 -3.728492099503901 1.0396043994038429 -3.3085481008353717 50.74205285232385 2.7865982127693796 15.682644391056458 5.788940896998024 2.7916013846736134 -2.187831758834362 7.420112397119852 4.717679078171735 -4.648657135624683 -4.1319125473684375 -0.6372026188681326 -1.2504148704668896 5.9280190471483065 -8.454121645377738 -4.406648222487316 5.391617943408708 1.66408999066875 4.178719093646135 12.616769496161458 -5.442398707389519 -4.0278550550634815 7.9934085462524 0.6421393061293699 -7.910168981331984 -14.210858106832625 7.126306689051453 -10.537165852210187
-7.801405919354909 1.4314255106366969 5.596329950046192 -2.457127447212693 -7.6428019604033075 9.947737059145904 3.800710570930518 8.90223712740694 -5.005769430866068 12.779799157677237 6.678487207531452 0.8794204488025162 -0.2789947394324985 -7.127520509550219 -2.7142730215073447 -6.467091538285691 -7.4571745042789725 -4.155611530643303 2.697651041716627 -5.429004534343055 -0.5601512811436468 -4.641748740528231 3.3538874443588833 2.7865982127693796 44.234165733842936 0.8738341361740162 8.41267919149779 5.523293432066636 -3.621246973141155 -0.26069981585407304 -1.0144792425079303 -1.1120515054640714 8.088961352859346 1.2925985495376988 3.918842524837331 -12.706852694233755 -1.7008214538799318 -1.4034335417095176 0.7665983086735724 7.1810295237830575 -1.4960483963962556 4.789777832258469 -1.3409396293182692 -5.121295295287133 6.335709385069108 -6.755969644843251 5.035941000703852 13.024014185047411 1.0868331457986893 6.921001992510048
-4.690619227489502 -12.14379186525143 7.537558752227327 -2.8869780068270146 -6.635734884126829 2.052120938688544 -6.205663694968311 -9.367876266372905 3.3438773885648594 3.3451644817174753 3.67485535681846 -19.353550711106458 -9.07305401627459 -8.97086961457265 13.050416686743326 13.489703292933608 6.859637716374544 -3.685545983709841 8.588669484626454 -9.433379728507607 7.400493270952634 0.10673334381729603 -4.236169313780522 15.682644391056458 0.8738341361740162 45.305653725893166 7.003659319637752 16.708564484499615 -2.9657425566964135 7.7860683767135646 2.3646455707553358 1.6800176985570898 -1.5270288697619792 -9.799397948805234 10.850156697021834 2.322288552351029 -11.996766932735197 2.5285747118062427 10.341967658558113 11.566207578291765 14.548634650997176 9.772238534504009 -2.3053661658146254 2.1969015114508452 10.132943983582953 2.5496475610630593 -3.343347247338047 -17.182981841545168 -2.050280402755483 -6.37920244657065
-4.942427465752084 -12.084789087730487 0.6979002276664112 8.181624315503399 -6.809241926046951 0.7821886422186053 -2.5832590051243502 -0.9486180924600913 -4.273522993932041 12.076578222572003 -5.328326832979706 -9.229381145755244 6.704205401753652 4.710131461236491 6.30548346524416 -2.1378588743682565 13.791165207179867 -3.9713430103317764 -2.298938822998211 -7.640876212607637 -8.658511877727035 7.9264427579434935 1.4102194424329915 5.788940896998024 8.41267919149779 7.003659319637752 49.58657969611795 10.031014081461565 -15.099443074876136 -0.3563773097228027 -1.448977857107082 2.7906709999236545 12.9666728506931 -3.8102266429294787 8.130799671957828 -9.283912863069322 -7.482653943209455 -8.812489005302043 6.784957611667675 9.934307032618724 8.298889104731035 10.851620029992677 0.21888862263213407 -3.9561408239243505 7.826902397473947 -17.270259227861924 3.683768542405941 1.1610420799627987 -5.857851603719196 -7.509670853299329
0.334771719540044 -0.7245542684010888 1.9541638036380908 -9.386797164188836 -12.098381965558646 -3.9196100600383565 7.748756625186162 5.8622100855649135 -6.281910011147043 -4.50714315688297 4.7627807609958355 -7.2041185881233005 9.179672959562616 -4.354297090682169 -4.968712136565655 -2.569863944949783 -3.828736937869433 2.0194453726332124 -1.0950806237953312 -4.364147555705578 -4.132700299632858 -0.18345264977198072 -17.234964823099045 2.7916013846736134 5.523293432066636 16.708564484499615 10.031014081461565 59.62159196630222 -5.979060179158029 1.7521817345276882 -5.416019200850408 -5.733225687343229 0.6373986881914968 -5.705801834653876 5.784710731915409 -15.05466188051907 -1.728368971038175 -3.043323486947563 3.0857225835938085 -0.10683289217812787 18.63039210014229 3.7070272491627807 -5.3101938251902085 -6.294428450528118 6.309938252431609 -8.379619220390655 -0.32820166621658237 -0.5461882623184393 7.336645851701644 -7.464198266064957
-5.49707809961223 -7.97717186867671 0.1583532381961295 -6.6253303939142265 2.1748479431419008 -2.3901417382249805 -7.691293176228548 2.000677209621134 7.458097426797464 -3.8188541577314905 0.2873000628579647 8.579306738686533 -5.0558308731828845 -2.802618801522691 -3.8695268946116395 2.454545090252963 2.14408419550715 -9.408623639147729 -2.521972821793791 -12.550010207047023 -4.076329124723672 4.9938382795225955 -0.42930250206942966 -2.187831758834362 -3.621246973141155 -2.9657425566964135 -15.099443074876136 -5.979060179158029 45.90821283007355 2.8011180986944 2.1576167703965035 -0.37896993975778137 -9.845438810056063 0.3417700395353882 1.490699277000044 6.487378804844502 16.068449397030147 -7.996843922649969 -9.763950450928684 3.845255906712803 -2.412178362592665 1.173073698406327 2.874217679232031 -5.958824510447499 -0.9047537538743723 6.737644884185615 -11.64154422934834 -3.066809299224065 -7.030463373480365 -1.847659791206283
10.945273358098728 -9.39929528960653 5.045598703257814 0.9374560545008773 6.480705240985545 3.117252149421543 -5.8385100085019825 -8.139370420418494 2.882373449826174 0.46088716282359476 -10.62386014894925 -4.483629502358313 -7.757433701228433 1.61236307299625 -1.9699427669565974 6.88285706268113 5.946826036772399 -7.261511282449578 4.8041286626278 -6.5799517926779725 -2.6034641517085846 -2.265791481476837 -6.279429173745436 7.420112397119852 -0.26069981585407304 7.7860683767135646 -0.3563773097228027 1.7521817345276882 2.8011180986944 33.1454550838556 -0.30012919194091764 -0.9733867703815133 -0.032370025054814976 -0.6119191714670331 5.941394198109623 3.1348653392505637 -2.2132298522662466 12.0385442175874 8.979126971505005 10.267469467595232 -1.636004591413352 5.665488890753354 -4.270036288236305 -2.02494181746477 -4.159929864661173 -0.438143891773427 -6.095416938166641 -6.7735150487522 1.1708375040701908 -5.938920347713131
1.6217904767394447 0.44073203865917926 9.781959938437415 2.227055767947742 -1.420406039475212 7.5796043279581 -9.625063205394357 -5.4558133608170305 14.57903118011041 4.601756991715408 -7.377900747879997 -5.521688287358284 -6.728108262332077 0.8394632655617984 5.436866028346594 -2.796656985831936 11.694794874144948 8.016358061505931 6.480276208612975 -4.984798629329432 -0.977429855700985 7.342515243609151 -2.8656849590668605 4.717679078171735 -1.0144792425079303 2.3646455707553358 -1.448977857107082 -5.416019200850408 2.1576167703965035 -0.30012919194091764 43.85321137059994 -2.074828770302256 -18.281649841088434 2.382848435276219 0.010274997885260283 5.102977856161721 -3.6193117419355123 -1.2806985960034742 12.121160822768747 -1.3770605628349386 11.6614327467368 3.807618055820244 1.4769572611001869 4.5939792584724755 -3.650709264842301 1.3520528389463078 7.097796476309821 -6.861418263716737 -5.992105450594463 5.664485021731425
0.6767552918806475 0.6173489434607375 5.844345469792986 -3.327086698531771 -11.361111428788695 -17.72189852528787 -0.34413845565589024 3.722636665695928 6.361190897707094 -0.28906293304242486 10.567424626184982 2.2180137249906853 -4.288700925976991 -2.959763513983259 -3.4118216234912437 0.08076076061282726 5.169818475459644 3.9636054354180157 -7.613703337341849 -3.2986115000474205 -1.553172310901471 -14.034477800023236 11.446270988497206 -4.648657135624683 -1.1120515054640714 1.6800176985570898 2.7906709999236545 -5.733225687343229 -0.37896993975778137 -0.9733867703815133 -2.074828770302256 40.03718791748932 2.7147933806627678 -1.2658398969434357 5.927394607334349 -3.5019742835443157 7.6244220996138985 2.7867147964752768 -6.237165117011519 9.470750212333478 -10.75451231637675 1.0481298359612379 -3.464408166199437 5.28207247210382 -4.557706965863314 -14.823616870271769 3.697625031613938 0.03881683857972251 -3.864827905368004 9.83425531925696
-1.5314296353964838 -4.329526764137665 0.7652502819330825 -3.454881756265406 -0.9194976406978945 -0.25947544706156145 10.186289559873249 13.404419586814935 -6.810424152633957 -7.441859057780216 -8.779880458404001 7.595120505065717 10.29593338661158 -5.910236099982955 -8.007868462642746 3.336325323621182 -3.081349754261989 -5.142773680199379 2.2019029760299116 -6.794254284173654 -2.3237823790526657 -0.7214473208214132 -9.28346978224984 -4.1319125473684375 8.088961352859346 -1.5270288697619792 12.9666728506931 0.6373986881914968 -9.845438810056063 -0.032370025054814976 -18.281649841088434 2.7147933806627678 51.62052519633628 2.112072901443836 11.991946540703598 -7.908333524083756 -0.00793164029321405 -10.354015861844482 -4.604849792340647 10.789545749784741 -12.486340548702726 -7.690590653303522 4.1215651605857975 5.556778580241683 -0.14710546695154894 -0.5111015693594368 0.302596026645417 10.762340750761094 1.6092874990643835 7.943654716858502
0.9964456312987816 0.9363405243828234 -2.0335064733246684 -6.771698606752016 6.186890308611904 -2.3349655487636056 1.2541860346135474 1.1618661722906962 -0.6542889250447919 6.297773252056489 1.1614010368922931 3.655014991659328 0.9253053049532268 -0.037762018169350285 -0.41837247781787956 -0.26679320060120887 0.9287076560830516 -1.1811218642332346 -7.749353398655857 8.212549347129745 1.4577240442045734 -6.42843377301699 -5.345240537765982 -0.6372026188681326 1.2925985495376988 -9.799397948805234 -3.8102266429294787 -5.705801834653876 0.3417700395353882 -0.6119191714670331 2.382848435276219 -1.2658398969434357 2.112072901443836 29.542103734810237 -1.9373153317402338 -7.2352224606125874 -1.4286887382510995 -13.834451002218895 -2.596324060705824 -3.0422603101795147 -1.432352792206766 -5.770969623178734 9.339211994926984 2.115783991891181 4.520185031210887 8.649281300368472 2.4120250520284428 0.37005502809823076 0.962709807451149 10.033857433672464
-1.5230682847232797 -4.01115853646675 0.35508540103119035 -4.961090518102983 -0.1606894988150068 -2.203502015036166 -0.12688892912373428 1.5421659177828235 8.432649315684829 -4.408262766885617 1.8025955628076993 0.5531832014605115 3.909349407260358 -2.577848102249402 1.0597571891777593 -5.827548360132175 -5.020390224793217 1.9150838584163035 1.9255401909307208 -13.20960307423588 -1.4357174002700215 -9.16174665240329 -8.139424393699846 -1.2504148704668896 3.918842524837331 10.850156697021834 8.130799671957828 5.784710731915409 1.490699277000044 5.941394198109623 0.010274997885260283 5.927394607334349 11.991946540703598 -1.9373153317402338 33.93971300536771 0.8656337768280693 4.667300591705829 -1.8674883840320946 0.7981508166554814 22.958083512776206 4.846306066299389 8.015914964745422 8.47631734513818 2.178335883015784 -2.0813813573827504 -3.844043425462872 6.313908621102225 -4.099601916764012 -6.756709269168549 1.2529991627436736
14.129602719986963 5.902127276410784 4.741313701376218 0.18627918512778963 1.1382199698979643 2.6394097844390583 -1.5283168311498083 5.789802142950067 -2.4620651722577804 -12.127459954902312 2.1977275348562824 10.06661915600587 -2.7295460655249904 9.149779683669482 8.6888793963778 4.554378085310224 4.884604292097115 9.064851146105354 4.254659368054313 -4.071084857085346 5.266887845622463 -3.1276278201340917 17.227787008623938 5.9280190471483065 -12.706852694233755 2.322288552351029 -9.283912863069322 -15.05466188051907 6.487378804844502 3.1348653392505637 5.102977856161721 -3.5019742835443157 -7.908333524083756 -7.2352224606125874 0.8656337768280693 70.96706033164823 15.746631612275118 4.143678893393481 -3.153391170338267 -1.2031011317726736 -4.945323531019148 -9.30398050816678 -1.3366365966075193 -2.4065836311797795 -10.435821792645958 14.555632219608734 2.54339973602726 -1.0345295992006658 -10.348736098480968 5.7491003833560175
1.61880757256414 8.386516367855306 -6.088583947454215 -7.738410722836714 -4.0485196167757165 -1.8893901772174369 4.0593293916927795 10.856152817584288 -7.051758632836408 -16.031835673546382 10.857307676271958 11.52775093432606 3.5457148435326835 3.799208459735772 -9.984147538181892 2.3914016789112535 1.0445505032340845 -4.982809027678369 -12.538796155503958 -6.59871420174409 5.970615374132829 -5.174441614635982 19.165065048941145 -8.454121645377738 -1.7008214538799318 -11.996766932735197 -7.482653943209455 -1.728368971038175 16.068449397030147 -2.2132298522662466 -3.6193117419355123 7.6244220996138985 -0.00793164029321405 -1.4286887382510995 4.667300591705829 15.746631612275118 43.97154304159877 -6.9490108228363265 -8.937197901596909 7.729183418471051 -0.928236297839365 -15.138775326213464 3.5535731470744625 4.644776450427072 -14.273284734008946 0.34938994653078503 7.92508140722698 2.20733900769756 -2.06145159409165 0.02288379091873827
-2.2263365184808532 10.002457874536107 19.58670214063877 -4.588339665558863 7.440418825527873 1.0182798057078053 7.107044894795537 -8.05853820819011 2.088911212574505 11.867637061017637 2.7347282478089805 -4.087233788300068 -10.866662413223557 2.7238652527614637 5.40004014204377 -8.167642701482421 -2.9736782731133222 13.409419141807485 -1.702404282446489 -6.472153611724649 -2.3083173294772594 -2.464988711618131 10.672095206562316 -4.406648222487316 -1.4034335417095176 2.5285747118062427 -8.812489005302043 -3.043323486947563 -7.996843922649969 12.0385442175874 -1.2806985960034742 2.7867147964752768 -10.354015861844482 -13.834451002218895 -1.8674883840320946 4.143678893393481 -6.9490108228363265 63.453607306278855 6.386114689461327 4.587137506014146 -7.351863066490049 0.9499103444108794 -6.511715771989896 -9.651784973773308 -1.650428886893054 -5.3479111871072265 5.794572991661045 1.0723651580895759 -6.145139413265984 -5.751290253917665
2.6239217766919682 -10.443145890873868 10.324895165503474 6.294473188167042 2.838733609378977 11.205935564068634 10.263929039803568 -4.352312411073684 5.84275616777173 -2.6352259200368797 -12.848932821928372 -13.1276276711202 -4.80498008771986 -7.309006306934304 0.18295796483522636 1.0635549003887714 3.1109854395402765 -5.126026216736306 3.787679747066451 -1.6960440711983542 5.1865866908813345 12.366696099344134 -6.524713425371712 5.391617943408708 0.7665983086735724 10.341967658558113 6.784957611667675 3.0857225835938085 -9.763950450928684 8.979126971505005 12.121160822768747 -6.237165117011519 -4.604849792340647 -2.596324060705824 0.7981508166554814 -3.153391170338267 -8.937197901596909 6.386114689461327 38.04580320936461 0.8326834887242511 2.3518021750651914 9.067609636579377 1.0748794890344648 11.636125905878023 3.991530501927747 9.017810835319162 -0.9061547891203764 -4.739263461597781 5.302366757252624 -1.1644386080790965
-0.7596508190729613 -0.17605906211125572 5.82306224179548 -3.8178511355158844 -5.49156912994301 -0.09147568566839771 -5.904728094662734 -6.149756289779598 8.654500167488429 3.5899617392815153 1.890893887339275 -2.9978070066324163 2.6576409359529753 -0.8261040248445644 3.6907189578114026 3.938363658970797 15.860118218370367 3.284976017276626 -2.9831167411044754 -12.835645403257715 -3.504756577941367 -4.918002963175982 7.174936312457377 1.66408999066875 7.1810295237830575 11.566207578291765 9.934307032618724 -0.10683289217812787 3.845255906712803 10.267469467595232 -1.3770605628349386 9.470750212333478 10.789545749784741 -3.0422603101795147 22.958083512776206 -1.2031011317726736 7.729183418471051 4.587137506014146 0.8326834887242511 46.537928910516 -2.6902521737021647 -1.484192718774943 3.7490085692575854 -2.444752606042747 5.616232580135568 -7.142698277323469 1.5603197899675725 -5.084678813215722 -3.8907023146800137 1.6763553353750134
-4.926106247499997 -10.311043550522454 -7.5820596440754064 -2.99083777210335 -0.6085076607112093 5.1617132048390735 -4.452366571351071 -6.251892404616891 -9.405378780048665 5.653551265015279 -1.3891078561359103 -5.429468988553542 7.773575752332247 4.085985688415053 14.105698914962323 5.822725535723978 6.278778602653368 5.134632109869823 -0.36269200612139124 6.504983294207657 -4.504279295015251 3.1178624534287103 -16.178912792135673 4.178719093646135 -1.4960483963962556 14.548634650997176 8.298889104731035 18.63039210014229 -2.412178362592665 -1.636004591413352 11.6614327467368 -10.75451231637675 -12.486340548702726 -1.432352792206766 4.846306066299389 -4.945323531019148 -0.928236297839365 -7.351863066490049 2.3518021750651914 -2.6902521737021647 58.15478332228139 11.533295204716934 -14.398576992298311 -3.735589258707198 -3.181598008633035 -7.032489605209011 7.418199220080992 -2.8242918621304702 -0.816733373330509 -12.955345702601786
-6.072115274182291 -7.308675866238305 0.16320741306417774 10.18512479327525 -0.05502721667670625 -6.463532459360648 -7.0250543834192705 -3.7829572017821205 10.78999612459722 3.6258320439901133 -3.3486999045513364 -3.5315159463776093 -3.4731580453224264 -2.3867140078798887 15.60961375361043 -7.67811097009646 6.653680965218854 -4.069084679837796 -1.6791356703230305 -4.530240900140904 -2.79929911043699 0.11975571568875197 -15.061892019610081 12.616769496161458 4.789777832258469 9.772238534504009 10.851620029992677 3.7070272491627807 1.173073698406327 5.665488890753354 3.807618055820244 1.0481298359612379 -7.690590653303522 -5.770969623178734 8.015914964745422 -9.30398050816678 -15.138775326213464 0.9499103444108794 9.067609636579377 -1.484192718774943 11.533295204716934 43.03867130526082 -1.5576772613549912 -6.748090490654015 0.5198790761763471 -7.494975327316398 -1.7699981019428148 -6.127457596599189 -2.537472634548038 -1.643933646853593
